  0.10000000000000001       0.10000000000000001        0.0000000000000000     
  0.10000000000000001       0.20000000000000001        0.0000000000000000     
  0.10000000000000001       0.30000000000000004        0.0000000000000000     
  0.10000000000000001       0.40000000000000002        0.0000000000000000     
  0.10000000000000001       0.50000000000000000        0.0000000000000000     
  0.10000000000000001       0.60000000000000009        0.0000000000000000     
  0.10000000000000001       0.70000000000000007        0.0000000000000000     
  0.10000000000000001       0.80000000000000004        0.0000000000000000     
  0.10000000000000001       0.90000000000000002        0.0000000000000000     
  0.10000000000000001        1.0000000000000000        0.0000000000000000     
  0.10000000000000001        1.1000000000000001        0.0000000000000000     
  0.10000000000000001        1.2000000000000002        0.0000000000000000     
  0.10000000000000001        1.3000000000000000        0.0000000000000000     
  0.10000000000000001        1.4000000000000001        0.0000000000000000     
  0.10000000000000001        1.5000000000000000        0.0000000000000000     
  0.10000000000000001        1.6000000000000001        0.0000000000000000     
  0.10000000000000001        1.7000000000000002        0.0000000000000000     
  0.10000000000000001        1.8000000000000000        0.0000000000000000     
  0.10000000000000001        1.9000000000000001        0.0000000000000000     
  0.10000000000000001        2.0000000000000000        0.0000000000000000     
  0.10000000000000001        2.1000000000000001        0.0000000000000000     
  0.10000000000000001        2.2000000000000002        0.0000000000000000     
  0.10000000000000001        2.3000000000000003        0.0000000000000000     
  0.10000000000000001        2.4000000000000004        0.0000000000000000     
  0.10000000000000001        2.5000000000000000        0.0000000000000000     
  0.10000000000000001        2.6000000000000001        0.0000000000000000     
  0.10000000000000001        2.7000000000000002        0.0000000000000000     
  0.10000000000000001        2.8000000000000003        0.0000000000000000     
  0.10000000000000001        2.9000000000000004        0.0000000000000000     
  0.10000000000000001        3.0000000000000000        0.0000000000000000     
  0.20000000000000001       0.10000000000000001        0.0000000000000000     
  0.20000000000000001       0.20000000000000001        0.0000000000000000     
  0.20000000000000001       0.30000000000000004        0.0000000000000000     
  0.20000000000000001       0.40000000000000002        0.0000000000000000     
  0.20000000000000001       0.50000000000000000        0.0000000000000000     
  0.20000000000000001       0.60000000000000009        0.0000000000000000     
  0.20000000000000001       0.70000000000000007        0.0000000000000000     
  0.20000000000000001       0.80000000000000004        0.0000000000000000     
  0.20000000000000001       0.90000000000000002        0.0000000000000000     
  0.20000000000000001        1.0000000000000000        0.0000000000000000     
  0.20000000000000001        1.1000000000000001        0.0000000000000000     
  0.20000000000000001        1.2000000000000002        0.0000000000000000     
  0.20000000000000001        1.3000000000000000        0.0000000000000000     
  0.20000000000000001        1.4000000000000001        0.0000000000000000     
  0.20000000000000001        1.5000000000000000        0.0000000000000000     
  0.20000000000000001        1.6000000000000001        0.0000000000000000     
  0.20000000000000001        1.7000000000000002        0.0000000000000000     
  0.20000000000000001        1.8000000000000000        0.0000000000000000     
  0.20000000000000001        1.9000000000000001        0.0000000000000000     
  0.20000000000000001        2.0000000000000000        0.0000000000000000     
  0.20000000000000001        2.1000000000000001        0.0000000000000000     
  0.20000000000000001        2.2000000000000002        0.0000000000000000     
  0.20000000000000001        2.3000000000000003        0.0000000000000000     
  0.20000000000000001        2.4000000000000004        0.0000000000000000     
  0.20000000000000001        2.5000000000000000        0.0000000000000000     
  0.20000000000000001        2.6000000000000001        0.0000000000000000     
  0.20000000000000001        2.7000000000000002        0.0000000000000000     
  0.20000000000000001        2.8000000000000003        0.0000000000000000     
  0.20000000000000001        2.9000000000000004        0.0000000000000000     
  0.20000000000000001        3.0000000000000000        0.0000000000000000     
  0.30000000000000004       0.10000000000000001        0.0000000000000000     
  0.30000000000000004       0.20000000000000001        0.0000000000000000     
  0.30000000000000004       0.30000000000000004        0.0000000000000000     
  0.30000000000000004       0.40000000000000002        0.0000000000000000     
  0.30000000000000004       0.50000000000000000        0.0000000000000000     
  0.30000000000000004       0.60000000000000009        0.0000000000000000     
  0.30000000000000004       0.70000000000000007        0.0000000000000000     
  0.30000000000000004       0.80000000000000004        0.0000000000000000     
  0.30000000000000004       0.90000000000000002        0.0000000000000000     
  0.30000000000000004        1.0000000000000000        0.0000000000000000     
  0.30000000000000004        1.1000000000000001        0.0000000000000000     
  0.30000000000000004        1.2000000000000002        0.0000000000000000     
  0.30000000000000004        1.3000000000000000        0.0000000000000000     
  0.30000000000000004        1.4000000000000001        0.0000000000000000     
  0.30000000000000004        1.5000000000000000        0.0000000000000000     
  0.30000000000000004        1.6000000000000001        0.0000000000000000     
  0.30000000000000004        1.7000000000000002        0.0000000000000000     
  0.30000000000000004        1.8000000000000000        0.0000000000000000     
  0.30000000000000004        1.9000000000000001        0.0000000000000000     
  0.30000000000000004        2.0000000000000000        0.0000000000000000     
  0.30000000000000004        2.1000000000000001        0.0000000000000000     
  0.30000000000000004        2.2000000000000002        0.0000000000000000     
  0.30000000000000004        2.3000000000000003        0.0000000000000000     
  0.30000000000000004        2.4000000000000004        0.0000000000000000     
  0.30000000000000004        2.5000000000000000        0.0000000000000000     
  0.30000000000000004        2.6000000000000001        0.0000000000000000     
  0.30000000000000004        2.7000000000000002        0.0000000000000000     
  0.30000000000000004        2.8000000000000003        0.0000000000000000     
  0.30000000000000004        2.9000000000000004        0.0000000000000000     
  0.30000000000000004        3.0000000000000000        0.0000000000000000     
  0.40000000000000002       0.10000000000000001        0.0000000000000000     
  0.40000000000000002       0.20000000000000001        0.0000000000000000     
  0.40000000000000002       0.30000000000000004        0.0000000000000000     
  0.40000000000000002       0.40000000000000002        0.0000000000000000     
  0.40000000000000002       0.50000000000000000        0.0000000000000000     
  0.40000000000000002       0.60000000000000009        0.0000000000000000     
  0.40000000000000002       0.70000000000000007        0.0000000000000000     
  0.40000000000000002       0.80000000000000004        0.0000000000000000     
  0.40000000000000002       0.90000000000000002        0.0000000000000000     
  0.40000000000000002        1.0000000000000000        0.0000000000000000     
  0.40000000000000002        1.1000000000000001        0.0000000000000000     
  0.40000000000000002        1.2000000000000002        0.0000000000000000     
  0.40000000000000002        1.3000000000000000        0.0000000000000000     
  0.40000000000000002        1.4000000000000001        0.0000000000000000     
  0.40000000000000002        1.5000000000000000        0.0000000000000000     
  0.40000000000000002        1.6000000000000001        0.0000000000000000     
  0.40000000000000002        1.7000000000000002        0.0000000000000000     
  0.40000000000000002        1.8000000000000000        0.0000000000000000     
  0.40000000000000002        1.9000000000000001        0.0000000000000000     
  0.40000000000000002        2.0000000000000000        0.0000000000000000     
  0.40000000000000002        2.1000000000000001        0.0000000000000000     
  0.40000000000000002        2.2000000000000002        0.0000000000000000     
  0.40000000000000002        2.3000000000000003        0.0000000000000000     
  0.40000000000000002        2.4000000000000004        0.0000000000000000     
  0.40000000000000002        2.5000000000000000        0.0000000000000000     
  0.40000000000000002        2.6000000000000001        0.0000000000000000     
  0.40000000000000002        2.7000000000000002        0.0000000000000000     
  0.40000000000000002        2.8000000000000003        0.0000000000000000     
  0.40000000000000002        2.9000000000000004        0.0000000000000000     
  0.40000000000000002        3.0000000000000000        0.0000000000000000     
  0.50000000000000000       0.10000000000000001        0.0000000000000000     
  0.50000000000000000       0.20000000000000001        0.0000000000000000     
  0.50000000000000000       0.30000000000000004        0.0000000000000000     
  0.50000000000000000       0.40000000000000002        0.0000000000000000     
  0.50000000000000000       0.50000000000000000        0.0000000000000000     
  0.50000000000000000       0.60000000000000009        0.0000000000000000     
  0.50000000000000000       0.70000000000000007        0.0000000000000000     
  0.50000000000000000       0.80000000000000004        0.0000000000000000     
  0.50000000000000000       0.90000000000000002        0.0000000000000000     
  0.50000000000000000        1.0000000000000000        0.0000000000000000     
  0.50000000000000000        1.1000000000000001        0.0000000000000000     
  0.50000000000000000        1.2000000000000002        0.0000000000000000     
  0.50000000000000000        1.3000000000000000        0.0000000000000000     
  0.50000000000000000        1.4000000000000001        0.0000000000000000     
  0.50000000000000000        1.5000000000000000        0.0000000000000000     
  0.50000000000000000        1.6000000000000001        0.0000000000000000     
  0.50000000000000000        1.7000000000000002        0.0000000000000000     
  0.50000000000000000        1.8000000000000000        0.0000000000000000     
  0.50000000000000000        1.9000000000000001        0.0000000000000000     
  0.50000000000000000        2.0000000000000000        0.0000000000000000     
  0.50000000000000000        2.1000000000000001        0.0000000000000000     
  0.50000000000000000        2.2000000000000002        0.0000000000000000     
  0.50000000000000000        2.3000000000000003        0.0000000000000000     
  0.50000000000000000        2.4000000000000004        0.0000000000000000     
  0.50000000000000000        2.5000000000000000        0.0000000000000000     
  0.50000000000000000        2.6000000000000001        0.0000000000000000     
  0.50000000000000000        2.7000000000000002        0.0000000000000000     
  0.50000000000000000        2.8000000000000003        0.0000000000000000     
  0.50000000000000000        2.9000000000000004        0.0000000000000000     
  0.50000000000000000        3.0000000000000000        0.0000000000000000     
  0.60000000000000009       0.10000000000000001        0.0000000000000000     
  0.60000000000000009       0.20000000000000001        0.0000000000000000     
  0.60000000000000009       0.30000000000000004        0.0000000000000000     
  0.60000000000000009       0.40000000000000002        0.0000000000000000     
  0.60000000000000009       0.50000000000000000        0.0000000000000000     
  0.60000000000000009       0.60000000000000009        0.0000000000000000     
  0.60000000000000009       0.70000000000000007        0.0000000000000000     
  0.60000000000000009       0.80000000000000004        0.0000000000000000     
  0.60000000000000009       0.90000000000000002        0.0000000000000000     
  0.60000000000000009        1.0000000000000000        0.0000000000000000     
  0.60000000000000009        1.1000000000000001        0.0000000000000000     
  0.60000000000000009        1.2000000000000002        0.0000000000000000     
  0.60000000000000009        1.3000000000000000        0.0000000000000000     
  0.60000000000000009        1.4000000000000001        0.0000000000000000     
  0.60000000000000009        1.5000000000000000        0.0000000000000000     
  0.60000000000000009        1.6000000000000001        0.0000000000000000     
  0.60000000000000009        1.7000000000000002        0.0000000000000000     
  0.60000000000000009        1.8000000000000000        0.0000000000000000     
  0.60000000000000009        1.9000000000000001        0.0000000000000000     
  0.60000000000000009        2.0000000000000000        0.0000000000000000     
  0.60000000000000009        2.1000000000000001        0.0000000000000000     
  0.60000000000000009        2.2000000000000002        0.0000000000000000     
  0.60000000000000009        2.3000000000000003        0.0000000000000000     
  0.60000000000000009        2.4000000000000004        0.0000000000000000     
  0.60000000000000009        2.5000000000000000        0.0000000000000000     
  0.60000000000000009        2.6000000000000001        0.0000000000000000     
  0.60000000000000009        2.7000000000000002        0.0000000000000000     
  0.60000000000000009        2.8000000000000003        0.0000000000000000     
  0.60000000000000009        2.9000000000000004        0.0000000000000000     
  0.60000000000000009        3.0000000000000000        0.0000000000000000     
  0.70000000000000007       0.10000000000000001       0.68000000000000005     
  0.70000000000000007       0.20000000000000001       0.68000000000000005     
  0.70000000000000007       0.30000000000000004       0.68000000000000005     
  0.70000000000000007       0.40000000000000002       0.68000000000000005     
  0.70000000000000007       0.50000000000000000       0.68000000000000005     
  0.70000000000000007       0.60000000000000009       0.68000000000000005     
  0.70000000000000007       0.70000000000000007       0.68000000000000005     
  0.70000000000000007       0.80000000000000004       0.68000000000000005     
  0.70000000000000007       0.90000000000000002       0.68000000000000005     
  0.70000000000000007        1.0000000000000000       0.68000000000000005     
  0.70000000000000007        1.1000000000000001       0.68000000000000005     
  0.70000000000000007        1.2000000000000002       0.68000000000000005     
  0.70000000000000007        1.3000000000000000       0.68000000000000005     
  0.70000000000000007        1.4000000000000001       0.68000000000000005     
  0.70000000000000007        1.5000000000000000       0.68000000000000005     
  0.70000000000000007        1.6000000000000001       0.68000000000000005     
  0.70000000000000007        1.7000000000000002       0.68000000000000005     
  0.70000000000000007        1.8000000000000000       0.68000000000000005     
  0.70000000000000007        1.9000000000000001       0.68000000000000005     
  0.70000000000000007        2.0000000000000000       0.68000000000000005     
  0.70000000000000007        2.1000000000000001       0.68000000000000005     
  0.70000000000000007        2.2000000000000002       0.68000000000000005     
  0.70000000000000007        2.3000000000000003       0.68000000000000005     
  0.70000000000000007        2.4000000000000004       0.68000000000000005     
  0.70000000000000007        2.5000000000000000       0.68000000000000005     
  0.70000000000000007        2.6000000000000001       0.68000000000000005     
  0.70000000000000007        2.7000000000000002       0.68000000000000005     
  0.70000000000000007        2.8000000000000003       0.68000000000000005     
  0.70000000000000007        2.9000000000000004       0.68000000000000005     
  0.70000000000000007        3.0000000000000000       0.68000000000000005     
  0.80000000000000004       0.10000000000000001       0.64000000000000001     
  0.80000000000000004       0.20000000000000001       0.64000000000000001     
  0.80000000000000004       0.30000000000000004       0.64000000000000001     
  0.80000000000000004       0.40000000000000002       0.64000000000000001     
  0.80000000000000004       0.50000000000000000       0.64000000000000001     
  0.80000000000000004       0.60000000000000009       0.64000000000000001     
  0.80000000000000004       0.70000000000000007       0.64000000000000001     
  0.80000000000000004       0.80000000000000004       0.64000000000000001     
  0.80000000000000004       0.90000000000000002       0.64000000000000001     
  0.80000000000000004        1.0000000000000000       0.64000000000000001     
  0.80000000000000004        1.1000000000000001       0.64000000000000001     
  0.80000000000000004        1.2000000000000002       0.64000000000000001     
  0.80000000000000004        1.3000000000000000       0.64000000000000001     
  0.80000000000000004        1.4000000000000001       0.64000000000000001     
  0.80000000000000004        1.5000000000000000       0.64000000000000001     
  0.80000000000000004        1.6000000000000001       0.64000000000000001     
  0.80000000000000004        1.7000000000000002       0.64000000000000001     
  0.80000000000000004        1.8000000000000000       0.64000000000000001     
  0.80000000000000004        1.9000000000000001       0.64000000000000001     
  0.80000000000000004        2.0000000000000000       0.64000000000000001     
  0.80000000000000004        2.1000000000000001       0.64000000000000001     
  0.80000000000000004        2.2000000000000002       0.64000000000000001     
  0.80000000000000004        2.3000000000000003       0.64000000000000001     
  0.80000000000000004        2.4000000000000004       0.64000000000000001     
  0.80000000000000004        2.5000000000000000       0.64000000000000001     
  0.80000000000000004        2.6000000000000001       0.64000000000000001     
  0.80000000000000004        2.7000000000000002       0.64000000000000001     
  0.80000000000000004        2.8000000000000003       0.64000000000000001     
  0.80000000000000004        2.9000000000000004       0.64000000000000001     
  0.80000000000000004        3.0000000000000000       0.64000000000000001     
  0.90000000000000002       0.10000000000000001       0.60999999999999999     
  0.90000000000000002       0.20000000000000001       0.60999999999999999     
  0.90000000000000002       0.30000000000000004       0.60999999999999999     
  0.90000000000000002       0.40000000000000002       0.60999999999999999     
  0.90000000000000002       0.50000000000000000       0.60999999999999999     
  0.90000000000000002       0.60000000000000009       0.60999999999999999     
  0.90000000000000002       0.70000000000000007       0.60999999999999999     
  0.90000000000000002       0.80000000000000004       0.60999999999999999     
  0.90000000000000002       0.90000000000000002       0.60999999999999999     
  0.90000000000000002        1.0000000000000000       0.60999999999999999     
  0.90000000000000002        1.1000000000000001       0.60999999999999999     
  0.90000000000000002        1.2000000000000002       0.59999999999999998     
  0.90000000000000002        1.3000000000000000       0.59999999999999998     
  0.90000000000000002        1.4000000000000001       0.59999999999999998     
  0.90000000000000002        1.5000000000000000       0.59999999999999998     
  0.90000000000000002        1.6000000000000001       0.59999999999999998     
  0.90000000000000002        1.7000000000000002       0.59999999999999998     
  0.90000000000000002        1.8000000000000000       0.59999999999999998     
  0.90000000000000002        1.9000000000000001       0.59999999999999998     
  0.90000000000000002        2.0000000000000000       0.59999999999999998     
  0.90000000000000002        2.1000000000000001       0.59999999999999998     
  0.90000000000000002        2.2000000000000002       0.59999999999999998     
  0.90000000000000002        2.3000000000000003       0.59999999999999998     
  0.90000000000000002        2.4000000000000004       0.59999999999999998     
  0.90000000000000002        2.5000000000000000       0.59999999999999998     
  0.90000000000000002        2.6000000000000001       0.59999999999999998     
  0.90000000000000002        2.7000000000000002       0.59999999999999998     
  0.90000000000000002        2.8000000000000003       0.59999999999999998     
  0.90000000000000002        2.9000000000000004       0.59999999999999998     
  0.90000000000000002        3.0000000000000000       0.59999999999999998     
   1.0000000000000000       0.10000000000000001       0.56999999999999995     
   1.0000000000000000       0.20000000000000001       0.56999999999999995     
   1.0000000000000000       0.30000000000000004       0.56999999999999995     
   1.0000000000000000       0.40000000000000002       0.56999999999999995     
   1.0000000000000000       0.50000000000000000       0.56999999999999995     
   1.0000000000000000       0.60000000000000009       0.56999999999999995     
   1.0000000000000000       0.70000000000000007       0.56999999999999995     
   1.0000000000000000       0.80000000000000004       0.56999999999999995     
   1.0000000000000000       0.90000000000000002       0.56999999999999995     
   1.0000000000000000        1.0000000000000000       0.56999999999999995     
   1.0000000000000000        1.1000000000000001       0.56999999999999995     
   1.0000000000000000        1.2000000000000002       0.56999999999999995     
   1.0000000000000000        1.3000000000000000       0.56000000000000005     
   1.0000000000000000        1.4000000000000001       0.56000000000000005     
   1.0000000000000000        1.5000000000000000       0.56000000000000005     
   1.0000000000000000        1.6000000000000001       0.56000000000000005     
   1.0000000000000000        1.7000000000000002       0.56000000000000005     
   1.0000000000000000        1.8000000000000000       0.56000000000000005     
   1.0000000000000000        1.9000000000000001       0.56000000000000005     
   1.0000000000000000        2.0000000000000000       0.56000000000000005     
   1.0000000000000000        2.1000000000000001       0.56000000000000005     
   1.0000000000000000        2.2000000000000002       0.56000000000000005     
   1.0000000000000000        2.3000000000000003       0.56000000000000005     
   1.0000000000000000        2.4000000000000004       0.56000000000000005     
   1.0000000000000000        2.5000000000000000       0.56000000000000005     
   1.0000000000000000        2.6000000000000001       0.56000000000000005     
   1.0000000000000000        2.7000000000000002       0.56000000000000005     
   1.0000000000000000        2.8000000000000003       0.56000000000000005     
   1.0000000000000000        2.9000000000000004       0.56000000000000005     
   1.0000000000000000        3.0000000000000000       0.56000000000000005     
   1.1000000000000001       0.10000000000000001       0.53000000000000003     
   1.1000000000000001       0.20000000000000001       0.53000000000000003     
   1.1000000000000001       0.30000000000000004       0.53000000000000003     
   1.1000000000000001       0.40000000000000002       0.53000000000000003     
   1.1000000000000001       0.50000000000000000       0.53000000000000003     
   1.1000000000000001       0.60000000000000009       0.53000000000000003     
   1.1000000000000001       0.70000000000000007       0.52000000000000002     
   1.1000000000000001       0.80000000000000004       0.52000000000000002     
   1.1000000000000001       0.90000000000000002       0.52000000000000002     
   1.1000000000000001        1.0000000000000000       0.52000000000000002     
   1.1000000000000001        1.1000000000000001       0.52000000000000002     
   1.1000000000000001        1.2000000000000002       0.52000000000000002     
   1.1000000000000001        1.3000000000000000       0.52000000000000002     
   1.1000000000000001        1.4000000000000001       0.52000000000000002     
   1.1000000000000001        1.5000000000000000       0.52000000000000002     
   1.1000000000000001        1.6000000000000001       0.52000000000000002     
   1.1000000000000001        1.7000000000000002       0.52000000000000002     
   1.1000000000000001        1.8000000000000000       0.52000000000000002     
   1.1000000000000001        1.9000000000000001       0.52000000000000002     
   1.1000000000000001        2.0000000000000000       0.52000000000000002     
   1.1000000000000001        2.1000000000000001       0.52000000000000002     
   1.1000000000000001        2.2000000000000002       0.52000000000000002     
   1.1000000000000001        2.3000000000000003       0.52000000000000002     
   1.1000000000000001        2.4000000000000004       0.51000000000000001     
   1.1000000000000001        2.5000000000000000       0.51000000000000001     
   1.1000000000000001        2.6000000000000001       0.51000000000000001     
   1.1000000000000001        2.7000000000000002       0.51000000000000001     
   1.1000000000000001        2.8000000000000003       0.51000000000000001     
   1.1000000000000001        2.9000000000000004       0.51000000000000001     
   1.1000000000000001        3.0000000000000000       0.51000000000000001     
   1.2000000000000002       0.10000000000000001       0.47999999999999998     
   1.2000000000000002       0.20000000000000001       0.47999999999999998     
   1.2000000000000002       0.30000000000000004       0.47999999999999998     
   1.2000000000000002       0.40000000000000002       0.47999999999999998     
   1.2000000000000002       0.50000000000000000       0.47999999999999998     
   1.2000000000000002       0.60000000000000009       0.47999999999999998     
   1.2000000000000002       0.70000000000000007       0.46999999999999997     
   1.2000000000000002       0.80000000000000004       0.46999999999999997     
   1.2000000000000002       0.90000000000000002       0.46999999999999997     
   1.2000000000000002        1.0000000000000000       0.46999999999999997     
   1.2000000000000002        1.1000000000000001       0.46999999999999997     
   1.2000000000000002        1.2000000000000002       0.46999999999999997     
   1.2000000000000002        1.3000000000000000       0.46999999999999997     
   1.2000000000000002        1.4000000000000001       0.46999999999999997     
   1.2000000000000002        1.5000000000000000       0.46999999999999997     
   1.2000000000000002        1.6000000000000001       0.46999999999999997     
   1.2000000000000002        1.7000000000000002       0.46999999999999997     
   1.2000000000000002        1.8000000000000000       0.46999999999999997     
   1.2000000000000002        1.9000000000000001       0.46999999999999997     
   1.2000000000000002        2.0000000000000000       0.46999999999999997     
   1.2000000000000002        2.1000000000000001       0.46999999999999997     
   1.2000000000000002        2.2000000000000002       0.46000000000000002     
   1.2000000000000002        2.3000000000000003       0.46000000000000002     
   1.2000000000000002        2.4000000000000004       0.46000000000000002     
   1.2000000000000002        2.5000000000000000       0.46000000000000002     
   1.2000000000000002        2.6000000000000001       0.46000000000000002     
   1.2000000000000002        2.7000000000000002       0.46000000000000002     
   1.2000000000000002        2.8000000000000003       0.46000000000000002     
   1.2000000000000002        2.9000000000000004       0.46000000000000002     
   1.2000000000000002        3.0000000000000000       0.46000000000000002     
   1.3000000000000000       0.10000000000000001       0.42999999999999999     
   1.3000000000000000       0.20000000000000001       0.42999999999999999     
   1.3000000000000000       0.30000000000000004       0.42999999999999999     
   1.3000000000000000       0.40000000000000002       0.42999999999999999     
   1.3000000000000000       0.50000000000000000       0.41999999999999998     
   1.3000000000000000       0.60000000000000009       0.41999999999999998     
   1.3000000000000000       0.70000000000000007       0.41999999999999998     
   1.3000000000000000       0.80000000000000004       0.41999999999999998     
   1.3000000000000000       0.90000000000000002       0.41999999999999998     
   1.3000000000000000        1.0000000000000000       0.41999999999999998     
   1.3000000000000000        1.1000000000000001       0.41999999999999998     
   1.3000000000000000        1.2000000000000002       0.41999999999999998     
   1.3000000000000000        1.3000000000000000       0.41999999999999998     
   1.3000000000000000        1.4000000000000001       0.41999999999999998     
   1.3000000000000000        1.5000000000000000       0.40999999999999998     
   1.3000000000000000        1.6000000000000001       0.40999999999999998     
   1.3000000000000000        1.7000000000000002       0.40999999999999998     
   1.3000000000000000        1.8000000000000000       0.40999999999999998     
   1.3000000000000000        1.9000000000000001       0.40999999999999998     
   1.3000000000000000        2.0000000000000000       0.40999999999999998     
   1.3000000000000000        2.1000000000000001       0.40999999999999998     
   1.3000000000000000        2.2000000000000002       0.40999999999999998     
   1.3000000000000000        2.3000000000000003       0.40999999999999998     
   1.3000000000000000        2.4000000000000004       0.40999999999999998     
   1.3000000000000000        2.5000000000000000       0.40999999999999998     
   1.3000000000000000        2.6000000000000001       0.40999999999999998     
   1.3000000000000000        2.7000000000000002       0.40999999999999998     
   1.3000000000000000        2.8000000000000003       0.40999999999999998     
   1.3000000000000000        2.9000000000000004       0.40999999999999998     
   1.3000000000000000        3.0000000000000000       0.40999999999999998     
   1.4000000000000001       0.10000000000000001       0.37000000000000000     
   1.4000000000000001       0.20000000000000001       0.37000000000000000     
   1.4000000000000001       0.30000000000000004       0.37000000000000000     
   1.4000000000000001       0.40000000000000002       0.37000000000000000     
   1.4000000000000001       0.50000000000000000       0.37000000000000000     
   1.4000000000000001       0.60000000000000009       0.37000000000000000     
   1.4000000000000001       0.70000000000000007       0.37000000000000000     
   1.4000000000000001       0.80000000000000004       0.35999999999999999     
   1.4000000000000001       0.90000000000000002       0.35999999999999999     
   1.4000000000000001        1.0000000000000000       0.35999999999999999     
   1.4000000000000001        1.1000000000000001       0.35999999999999999     
   1.4000000000000001        1.2000000000000002       0.35999999999999999     
   1.4000000000000001        1.3000000000000000       0.35999999999999999     
   1.4000000000000001        1.4000000000000001       0.35999999999999999     
   1.4000000000000001        1.5000000000000000       0.35999999999999999     
   1.4000000000000001        1.6000000000000001       0.35999999999999999     
   1.4000000000000001        1.7000000000000002       0.35999999999999999     
   1.4000000000000001        1.8000000000000000       0.35999999999999999     
   1.4000000000000001        1.9000000000000001       0.35999999999999999     
   1.4000000000000001        2.0000000000000000       0.34999999999999998     
   1.4000000000000001        2.1000000000000001       0.34999999999999998     
   1.4000000000000001        2.2000000000000002       0.34999999999999998     
   1.4000000000000001        2.3000000000000003       0.34999999999999998     
   1.4000000000000001        2.4000000000000004       0.34999999999999998     
   1.4000000000000001        2.5000000000000000       0.34999999999999998     
   1.4000000000000001        2.6000000000000001       0.34999999999999998     
   1.4000000000000001        2.7000000000000002       0.34999999999999998     
   1.4000000000000001        2.8000000000000003       0.34999999999999998     
   1.4000000000000001        2.9000000000000004       0.34999999999999998     
   1.4000000000000001        3.0000000000000000       0.34999999999999998     
   1.5000000000000000       0.10000000000000001       0.32000000000000001     
   1.5000000000000000       0.20000000000000001       0.32000000000000001     
   1.5000000000000000       0.30000000000000004       0.31000000000000000     
   1.5000000000000000       0.40000000000000002       0.31000000000000000     
   1.5000000000000000       0.50000000000000000       0.31000000000000000     
   1.5000000000000000       0.60000000000000009       0.31000000000000000     
   1.5000000000000000       0.70000000000000007       0.31000000000000000     
   1.5000000000000000       0.80000000000000004       0.31000000000000000     
   1.5000000000000000       0.90000000000000002       0.31000000000000000     
   1.5000000000000000        1.0000000000000000       0.31000000000000000     
   1.5000000000000000        1.1000000000000001       0.29999999999999999     
   1.5000000000000000        1.2000000000000002       0.29999999999999999     
   1.5000000000000000        1.3000000000000000       0.29999999999999999     
   1.5000000000000000        1.4000000000000001       0.29999999999999999     
   1.5000000000000000        1.5000000000000000       0.29999999999999999     
   1.5000000000000000        1.6000000000000001       0.29999999999999999     
   1.5000000000000000        1.7000000000000002       0.29999999999999999     
   1.5000000000000000        1.8000000000000000       0.29999999999999999     
   1.5000000000000000        1.9000000000000001       0.29999999999999999     
   1.5000000000000000        2.0000000000000000       0.29999999999999999     
   1.5000000000000000        2.1000000000000001       0.29999999999999999     
   1.5000000000000000        2.2000000000000002       0.29999999999999999     
   1.5000000000000000        2.3000000000000003       0.29999999999999999     
   1.5000000000000000        2.4000000000000004       0.29999999999999999     
   1.5000000000000000        2.5000000000000000       0.28999999999999998     
   1.5000000000000000        2.6000000000000001       0.28999999999999998     
   1.5000000000000000        2.7000000000000002       0.28999999999999998     
   1.5000000000000000        2.8000000000000003       0.28999999999999998     
   1.5000000000000000        2.9000000000000004       0.28999999999999998     
   1.5000000000000000        3.0000000000000000       0.28999999999999998     
   1.6000000000000001       0.10000000000000001       0.26000000000000001     
   1.6000000000000001       0.20000000000000001       0.26000000000000001     
   1.6000000000000001       0.30000000000000004       0.26000000000000001     
   1.6000000000000001       0.40000000000000002       0.25000000000000000     
   1.6000000000000001       0.50000000000000000       0.25000000000000000     
   1.6000000000000001       0.60000000000000009       0.25000000000000000     
   1.6000000000000001       0.70000000000000007       0.25000000000000000     
   1.6000000000000001       0.80000000000000004       0.25000000000000000     
   1.6000000000000001       0.90000000000000002       0.25000000000000000     
   1.6000000000000001        1.0000000000000000       0.25000000000000000     
   1.6000000000000001        1.1000000000000001       0.25000000000000000     
   1.6000000000000001        1.2000000000000002       0.23999999999999999     
   1.6000000000000001        1.3000000000000000       0.23999999999999999     
   1.6000000000000001        1.4000000000000001       0.23999999999999999     
   1.6000000000000001        1.5000000000000000       0.23999999999999999     
   1.6000000000000001        1.6000000000000001       0.23999999999999999     
   1.6000000000000001        1.7000000000000002       0.23999999999999999     
   1.6000000000000001        1.8000000000000000       0.23999999999999999     
   1.6000000000000001        1.9000000000000001       0.23999999999999999     
   1.6000000000000001        2.0000000000000000       0.23999999999999999     
   1.6000000000000001        2.1000000000000001       0.23999999999999999     
   1.6000000000000001        2.2000000000000002       0.23999999999999999     
   1.6000000000000001        2.3000000000000003       0.23999999999999999     
   1.6000000000000001        2.4000000000000004       0.23999999999999999     
   1.6000000000000001        2.5000000000000000       0.23999999999999999     
   1.6000000000000001        2.6000000000000001       0.23999999999999999     
   1.6000000000000001        2.7000000000000002       0.23999999999999999     
   1.6000000000000001        2.8000000000000003       0.23999999999999999     
   1.6000000000000001        2.9000000000000004       0.22999999999999998     
   1.6000000000000001        3.0000000000000000       0.22999999999999998     
   1.7000000000000002       0.10000000000000001       0.19999999999999998     
   1.7000000000000002       0.20000000000000001       0.19999999999999998     
   1.7000000000000002       0.30000000000000004       0.19999999999999998     
   1.7000000000000002       0.40000000000000002       0.19999999999999998     
   1.7000000000000002       0.50000000000000000       0.19000000000000000     
   1.7000000000000002       0.60000000000000009       0.19000000000000000     
   1.7000000000000002       0.70000000000000007       0.19000000000000000     
   1.7000000000000002       0.80000000000000004       0.19000000000000000     
   1.7000000000000002       0.90000000000000002       0.19000000000000000     
   1.7000000000000002        1.0000000000000000       0.19000000000000000     
   1.7000000000000002        1.1000000000000001       0.19000000000000000     
   1.7000000000000002        1.2000000000000002       0.19000000000000000     
   1.7000000000000002        1.3000000000000000       0.19000000000000000     
   1.7000000000000002        1.4000000000000001       0.17999999999999999     
   1.7000000000000002        1.5000000000000000       0.17999999999999999     
   1.7000000000000002        1.6000000000000001       0.17999999999999999     
   1.7000000000000002        1.7000000000000002       0.17999999999999999     
   1.7000000000000002        1.8000000000000000       0.17999999999999999     
   1.7000000000000002        1.9000000000000001       0.17999999999999999     
   1.7000000000000002        2.0000000000000000       0.17999999999999999     
   1.7000000000000002        2.1000000000000001       0.17999999999999999     
   1.7000000000000002        2.2000000000000002       0.17999999999999999     
   1.7000000000000002        2.3000000000000003       0.17999999999999999     
   1.7000000000000002        2.4000000000000004       0.17999999999999999     
   1.7000000000000002        2.5000000000000000       0.17999999999999999     
   1.7000000000000002        2.6000000000000001       0.17999999999999999     
   1.7000000000000002        2.7000000000000002       0.17999999999999999     
   1.7000000000000002        2.8000000000000003       0.17999999999999999     
   1.7000000000000002        2.9000000000000004       0.17999999999999999     
   1.7000000000000002        3.0000000000000000       0.17999999999999999     
   1.8000000000000000       0.10000000000000001       0.13999999999999999     
   1.8000000000000000       0.20000000000000001       0.13999999999999999     
   1.8000000000000000       0.30000000000000004       0.13999999999999999     
   1.8000000000000000       0.40000000000000002       0.13999999999999999     
   1.8000000000000000       0.50000000000000000       0.13999999999999999     
   1.8000000000000000       0.60000000000000009       0.13000000000000000     
   1.8000000000000000       0.70000000000000007       0.13000000000000000     
   1.8000000000000000       0.80000000000000004       0.13000000000000000     
   1.8000000000000000       0.90000000000000002       0.13000000000000000     
   1.8000000000000000        1.0000000000000000       0.13000000000000000     
   1.8000000000000000        1.1000000000000001       0.13000000000000000     
   1.8000000000000000        1.2000000000000002       0.13000000000000000     
   1.8000000000000000        1.3000000000000000       0.13000000000000000     
   1.8000000000000000        1.4000000000000001       0.13000000000000000     
   1.8000000000000000        1.5000000000000000       0.12000000000000001     
   1.8000000000000000        1.6000000000000001       0.12000000000000001     
   1.8000000000000000        1.7000000000000002       0.12000000000000001     
   1.8000000000000000        1.8000000000000000       0.12000000000000001     
   1.8000000000000000        1.9000000000000001       0.12000000000000001     
   1.8000000000000000        2.0000000000000000       0.12000000000000001     
   1.8000000000000000        2.1000000000000001       0.12000000000000001     
   1.8000000000000000        2.2000000000000002       0.12000000000000001     
   1.8000000000000000        2.3000000000000003       0.12000000000000001     
   1.8000000000000000        2.4000000000000004       0.12000000000000001     
   1.8000000000000000        2.5000000000000000       0.12000000000000001     
   1.8000000000000000        2.6000000000000001       0.12000000000000001     
   1.8000000000000000        2.7000000000000002       0.12000000000000001     
   1.8000000000000000        2.8000000000000003       0.12000000000000001     
   1.8000000000000000        2.9000000000000004       0.12000000000000001     
   1.8000000000000000        3.0000000000000000       0.12000000000000001     
   1.9000000000000001       0.10000000000000001        9.0000000000000011E-002
   1.9000000000000001       0.20000000000000001        8.0000000000000002E-002
   1.9000000000000001       0.30000000000000004        8.0000000000000002E-002
   1.9000000000000001       0.40000000000000002        8.0000000000000002E-002
   1.9000000000000001       0.50000000000000000        8.0000000000000002E-002
   1.9000000000000001       0.60000000000000009        8.0000000000000002E-002
   1.9000000000000001       0.70000000000000007        8.0000000000000002E-002
   1.9000000000000001       0.80000000000000004        7.0000000000000007E-002
   1.9000000000000001       0.90000000000000002        7.0000000000000007E-002
   1.9000000000000001        1.0000000000000000        7.0000000000000007E-002
   1.9000000000000001        1.1000000000000001        7.0000000000000007E-002
   1.9000000000000001        1.2000000000000002        7.0000000000000007E-002
   1.9000000000000001        1.3000000000000000        7.0000000000000007E-002
   1.9000000000000001        1.4000000000000001        7.0000000000000007E-002
   1.9000000000000001        1.5000000000000000        7.0000000000000007E-002
   1.9000000000000001        1.6000000000000001        7.0000000000000007E-002
   1.9000000000000001        1.7000000000000002        7.0000000000000007E-002
   1.9000000000000001        1.8000000000000000        6.0000000000000005E-002
   1.9000000000000001        1.9000000000000001        6.0000000000000005E-002
   1.9000000000000001        2.0000000000000000        6.0000000000000005E-002
   1.9000000000000001        2.1000000000000001        6.0000000000000005E-002
   1.9000000000000001        2.2000000000000002        6.0000000000000005E-002
   1.9000000000000001        2.3000000000000003        6.0000000000000005E-002
   1.9000000000000001        2.4000000000000004        6.0000000000000005E-002
   1.9000000000000001        2.5000000000000000        6.0000000000000005E-002
   1.9000000000000001        2.6000000000000001        6.0000000000000005E-002
   1.9000000000000001        2.7000000000000002        6.0000000000000005E-002
   1.9000000000000001        2.8000000000000003        6.0000000000000005E-002
   1.9000000000000001        2.9000000000000004        6.0000000000000005E-002
   1.9000000000000001        3.0000000000000000        6.0000000000000005E-002
   2.0000000000000000       0.10000000000000001        2.9999999999999999E-002
   2.0000000000000000       0.20000000000000001        2.9999999999999999E-002
   2.0000000000000000       0.30000000000000004        1.9999999999999997E-002
   2.0000000000000000       0.40000000000000002        1.9999999999999997E-002
   2.0000000000000000       0.50000000000000000        1.9999999999999997E-002
   2.0000000000000000       0.60000000000000009        1.9999999999999997E-002
   2.0000000000000000       0.70000000000000007        1.9999999999999997E-002
   2.0000000000000000       0.80000000000000004        1.9999999999999997E-002
   2.0000000000000000       0.90000000000000002        1.9999999999999997E-002
   2.0000000000000000        1.0000000000000000        1.0000000000000000E-002
   2.0000000000000000        1.1000000000000001        1.0000000000000000E-002
   2.0000000000000000        1.2000000000000002        1.0000000000000000E-002
   2.0000000000000000        1.3000000000000000        1.0000000000000000E-002
   2.0000000000000000        1.4000000000000001        1.0000000000000000E-002
   2.0000000000000000        1.5000000000000000        1.0000000000000000E-002
   2.0000000000000000        1.6000000000000001        1.0000000000000000E-002
   2.0000000000000000        1.7000000000000002        1.0000000000000000E-002
   2.0000000000000000        1.8000000000000000        1.0000000000000000E-002
   2.0000000000000000        1.9000000000000001        1.0000000000000000E-002
   2.0000000000000000        2.0000000000000000        1.0000000000000000E-002
   2.0000000000000000        2.1000000000000001        0.0000000000000000     
   2.0000000000000000        2.2000000000000002        0.0000000000000000     
   2.0000000000000000        2.3000000000000003        0.0000000000000000     
   2.0000000000000000        2.4000000000000004        0.0000000000000000     
   2.0000000000000000        2.5000000000000000        0.0000000000000000     
   2.0000000000000000        2.6000000000000001        0.0000000000000000     
   2.0000000000000000        2.7000000000000002        0.0000000000000000     
   2.0000000000000000        2.8000000000000003        0.0000000000000000     
   2.0000000000000000        2.9000000000000004        0.0000000000000000     
   2.0000000000000000        3.0000000000000000        0.0000000000000000     
   2.1000000000000001       0.10000000000000001        0.0000000000000000     
   2.1000000000000001       0.20000000000000001        0.0000000000000000     
   2.1000000000000001       0.30000000000000004        0.0000000000000000     
   2.1000000000000001       0.40000000000000002        0.0000000000000000     
   2.1000000000000001       0.50000000000000000        0.0000000000000000     
   2.1000000000000001       0.60000000000000009        0.0000000000000000     
   2.1000000000000001       0.70000000000000007        0.0000000000000000     
   2.1000000000000001       0.80000000000000004        0.0000000000000000     
   2.1000000000000001       0.90000000000000002        0.0000000000000000     
   2.1000000000000001        1.0000000000000000        0.0000000000000000     
   2.1000000000000001        1.1000000000000001        0.0000000000000000     
   2.1000000000000001        1.2000000000000002        0.0000000000000000     
   2.1000000000000001        1.3000000000000000        0.0000000000000000     
   2.1000000000000001        1.4000000000000001        0.0000000000000000     
   2.1000000000000001        1.5000000000000000        0.0000000000000000     
   2.1000000000000001        1.6000000000000001        0.0000000000000000     
   2.1000000000000001        1.7000000000000002        0.0000000000000000     
   2.1000000000000001        1.8000000000000000        0.0000000000000000     
   2.1000000000000001        1.9000000000000001        0.0000000000000000     
   2.1000000000000001        2.0000000000000000        0.0000000000000000     
   2.1000000000000001        2.1000000000000001        0.0000000000000000     
   2.1000000000000001        2.2000000000000002        0.0000000000000000     
   2.1000000000000001        2.3000000000000003        0.0000000000000000     
   2.1000000000000001        2.4000000000000004        0.0000000000000000     
   2.1000000000000001        2.5000000000000000        0.0000000000000000     
   2.1000000000000001        2.6000000000000001        0.0000000000000000     
   2.1000000000000001        2.7000000000000002        0.0000000000000000     
   2.1000000000000001        2.8000000000000003        0.0000000000000000     
   2.1000000000000001        2.9000000000000004        0.0000000000000000     
   2.1000000000000001        3.0000000000000000        0.0000000000000000     
   2.2000000000000002       0.10000000000000001        0.0000000000000000     
   2.2000000000000002       0.20000000000000001        0.0000000000000000     
   2.2000000000000002       0.30000000000000004        0.0000000000000000     
   2.2000000000000002       0.40000000000000002        0.0000000000000000     
   2.2000000000000002       0.50000000000000000        0.0000000000000000     
   2.2000000000000002       0.60000000000000009        0.0000000000000000     
   2.2000000000000002       0.70000000000000007        0.0000000000000000     
   2.2000000000000002       0.80000000000000004        0.0000000000000000     
   2.2000000000000002       0.90000000000000002        0.0000000000000000     
   2.2000000000000002        1.0000000000000000        0.0000000000000000     
   2.2000000000000002        1.1000000000000001        0.0000000000000000     
   2.2000000000000002        1.2000000000000002        0.0000000000000000     
   2.2000000000000002        1.3000000000000000        0.0000000000000000     
   2.2000000000000002        1.4000000000000001        0.0000000000000000     
   2.2000000000000002        1.5000000000000000        0.0000000000000000     
   2.2000000000000002        1.6000000000000001        0.0000000000000000     
   2.2000000000000002        1.7000000000000002        0.0000000000000000     
   2.2000000000000002        1.8000000000000000        0.0000000000000000     
   2.2000000000000002        1.9000000000000001        0.0000000000000000     
   2.2000000000000002        2.0000000000000000        0.0000000000000000     
   2.2000000000000002        2.1000000000000001        0.0000000000000000     
   2.2000000000000002        2.2000000000000002        0.0000000000000000     
   2.2000000000000002        2.3000000000000003        0.0000000000000000     
   2.2000000000000002        2.4000000000000004        0.0000000000000000     
   2.2000000000000002        2.5000000000000000        0.0000000000000000     
   2.2000000000000002        2.6000000000000001        0.0000000000000000     
   2.2000000000000002        2.7000000000000002        0.0000000000000000     
   2.2000000000000002        2.8000000000000003        0.0000000000000000     
   2.2000000000000002        2.9000000000000004        0.0000000000000000     
   2.2000000000000002        3.0000000000000000        0.0000000000000000     
   2.3000000000000003       0.10000000000000001        0.0000000000000000     
   2.3000000000000003       0.20000000000000001        0.0000000000000000     
   2.3000000000000003       0.30000000000000004        0.0000000000000000     
   2.3000000000000003       0.40000000000000002        0.0000000000000000     
   2.3000000000000003       0.50000000000000000        0.0000000000000000     
   2.3000000000000003       0.60000000000000009        0.0000000000000000     
   2.3000000000000003       0.70000000000000007        0.0000000000000000     
   2.3000000000000003       0.80000000000000004        0.0000000000000000     
   2.3000000000000003       0.90000000000000002        0.0000000000000000     
   2.3000000000000003        1.0000000000000000        0.0000000000000000     
   2.3000000000000003        1.1000000000000001        0.0000000000000000     
   2.3000000000000003        1.2000000000000002        0.0000000000000000     
   2.3000000000000003        1.3000000000000000        0.0000000000000000     
   2.3000000000000003        1.4000000000000001        0.0000000000000000     
   2.3000000000000003        1.5000000000000000        0.0000000000000000     
   2.3000000000000003        1.6000000000000001        0.0000000000000000     
   2.3000000000000003        1.7000000000000002        0.0000000000000000     
   2.3000000000000003        1.8000000000000000        0.0000000000000000     
   2.3000000000000003        1.9000000000000001        0.0000000000000000     
   2.3000000000000003        2.0000000000000000        0.0000000000000000     
   2.3000000000000003        2.1000000000000001        0.0000000000000000     
   2.3000000000000003        2.2000000000000002        0.0000000000000000     
   2.3000000000000003        2.3000000000000003        0.0000000000000000     
   2.3000000000000003        2.4000000000000004        0.0000000000000000     
   2.3000000000000003        2.5000000000000000        0.0000000000000000     
   2.3000000000000003        2.6000000000000001        0.0000000000000000     
   2.3000000000000003        2.7000000000000002        0.0000000000000000     
   2.3000000000000003        2.8000000000000003        0.0000000000000000     
   2.3000000000000003        2.9000000000000004        0.0000000000000000     
   2.3000000000000003        3.0000000000000000        0.0000000000000000     
   2.4000000000000004       0.10000000000000001        0.0000000000000000     
   2.4000000000000004       0.20000000000000001        0.0000000000000000     
   2.4000000000000004       0.30000000000000004        0.0000000000000000     
   2.4000000000000004       0.40000000000000002        0.0000000000000000     
   2.4000000000000004       0.50000000000000000        0.0000000000000000     
   2.4000000000000004       0.60000000000000009        0.0000000000000000     
   2.4000000000000004       0.70000000000000007        0.0000000000000000     
   2.4000000000000004       0.80000000000000004        0.0000000000000000     
   2.4000000000000004       0.90000000000000002        0.0000000000000000     
   2.4000000000000004        1.0000000000000000        0.0000000000000000     
   2.4000000000000004        1.1000000000000001        0.0000000000000000     
   2.4000000000000004        1.2000000000000002        0.0000000000000000     
   2.4000000000000004        1.3000000000000000        0.0000000000000000     
   2.4000000000000004        1.4000000000000001        0.0000000000000000     
   2.4000000000000004        1.5000000000000000        0.0000000000000000     
   2.4000000000000004        1.6000000000000001        0.0000000000000000     
   2.4000000000000004        1.7000000000000002        0.0000000000000000     
   2.4000000000000004        1.8000000000000000        0.0000000000000000     
   2.4000000000000004        1.9000000000000001        0.0000000000000000     
   2.4000000000000004        2.0000000000000000        0.0000000000000000     
   2.4000000000000004        2.1000000000000001        0.0000000000000000     
   2.4000000000000004        2.2000000000000002        0.0000000000000000     
   2.4000000000000004        2.3000000000000003        0.0000000000000000     
   2.4000000000000004        2.4000000000000004        0.0000000000000000     
   2.4000000000000004        2.5000000000000000        0.0000000000000000     
   2.4000000000000004        2.6000000000000001        0.0000000000000000     
   2.4000000000000004        2.7000000000000002        0.0000000000000000     
   2.4000000000000004        2.8000000000000003        0.0000000000000000     
   2.4000000000000004        2.9000000000000004        0.0000000000000000     
   2.4000000000000004        3.0000000000000000        0.0000000000000000     
   2.5000000000000000       0.10000000000000001        0.0000000000000000     
   2.5000000000000000       0.20000000000000001        0.0000000000000000     
   2.5000000000000000       0.30000000000000004        0.0000000000000000     
   2.5000000000000000       0.40000000000000002        0.0000000000000000     
   2.5000000000000000       0.50000000000000000        0.0000000000000000     
   2.5000000000000000       0.60000000000000009        0.0000000000000000     
   2.5000000000000000       0.70000000000000007        0.0000000000000000     
   2.5000000000000000       0.80000000000000004        0.0000000000000000     
   2.5000000000000000       0.90000000000000002        0.0000000000000000     
   2.5000000000000000        1.0000000000000000        0.0000000000000000     
   2.5000000000000000        1.1000000000000001        0.0000000000000000     
   2.5000000000000000        1.2000000000000002        0.0000000000000000     
   2.5000000000000000        1.3000000000000000        0.0000000000000000     
   2.5000000000000000        1.4000000000000001        0.0000000000000000     
   2.5000000000000000        1.5000000000000000        0.0000000000000000     
   2.5000000000000000        1.6000000000000001        0.0000000000000000     
   2.5000000000000000        1.7000000000000002        0.0000000000000000     
   2.5000000000000000        1.8000000000000000        0.0000000000000000     
   2.5000000000000000        1.9000000000000001        0.0000000000000000     
   2.5000000000000000        2.0000000000000000        0.0000000000000000     
   2.5000000000000000        2.1000000000000001        0.0000000000000000     
   2.5000000000000000        2.2000000000000002        0.0000000000000000     
   2.5000000000000000        2.3000000000000003        0.0000000000000000     
   2.5000000000000000        2.4000000000000004        0.0000000000000000     
   2.5000000000000000        2.5000000000000000        0.0000000000000000     
   2.5000000000000000        2.6000000000000001        0.0000000000000000     
   2.5000000000000000        2.7000000000000002        0.0000000000000000     
   2.5000000000000000        2.8000000000000003        0.0000000000000000     
   2.5000000000000000        2.9000000000000004        0.0000000000000000     
   2.5000000000000000        3.0000000000000000        0.0000000000000000     
   2.6000000000000001       0.10000000000000001        0.0000000000000000     
   2.6000000000000001       0.20000000000000001        0.0000000000000000     
   2.6000000000000001       0.30000000000000004        0.0000000000000000     
   2.6000000000000001       0.40000000000000002        0.0000000000000000     
   2.6000000000000001       0.50000000000000000        0.0000000000000000     
   2.6000000000000001       0.60000000000000009        0.0000000000000000     
   2.6000000000000001       0.70000000000000007        0.0000000000000000     
   2.6000000000000001       0.80000000000000004        0.0000000000000000     
   2.6000000000000001       0.90000000000000002        0.0000000000000000     
   2.6000000000000001        1.0000000000000000        0.0000000000000000     
   2.6000000000000001        1.1000000000000001        0.0000000000000000     
   2.6000000000000001        1.2000000000000002        0.0000000000000000     
   2.6000000000000001        1.3000000000000000        0.0000000000000000     
   2.6000000000000001        1.4000000000000001        0.0000000000000000     
   2.6000000000000001        1.5000000000000000        0.0000000000000000     
   2.6000000000000001        1.6000000000000001        0.0000000000000000     
   2.6000000000000001        1.7000000000000002        0.0000000000000000     
   2.6000000000000001        1.8000000000000000        0.0000000000000000     
   2.6000000000000001        1.9000000000000001        0.0000000000000000     
   2.6000000000000001        2.0000000000000000        0.0000000000000000     
   2.6000000000000001        2.1000000000000001        0.0000000000000000     
   2.6000000000000001        2.2000000000000002        0.0000000000000000     
   2.6000000000000001        2.3000000000000003        0.0000000000000000     
   2.6000000000000001        2.4000000000000004        0.0000000000000000     
   2.6000000000000001        2.5000000000000000        0.0000000000000000     
   2.6000000000000001        2.6000000000000001        0.0000000000000000     
   2.6000000000000001        2.7000000000000002        0.0000000000000000     
   2.6000000000000001        2.8000000000000003        0.0000000000000000     
   2.6000000000000001        2.9000000000000004        0.0000000000000000     
   2.6000000000000001        3.0000000000000000        0.0000000000000000     
   2.7000000000000002       0.10000000000000001        0.0000000000000000     
   2.7000000000000002       0.20000000000000001        0.0000000000000000     
   2.7000000000000002       0.30000000000000004        0.0000000000000000     
   2.7000000000000002       0.40000000000000002        0.0000000000000000     
   2.7000000000000002       0.50000000000000000        0.0000000000000000     
   2.7000000000000002       0.60000000000000009        0.0000000000000000     
   2.7000000000000002       0.70000000000000007        0.0000000000000000     
   2.7000000000000002       0.80000000000000004        0.0000000000000000     
   2.7000000000000002       0.90000000000000002        0.0000000000000000     
   2.7000000000000002        1.0000000000000000        0.0000000000000000     
   2.7000000000000002        1.1000000000000001        0.0000000000000000     
   2.7000000000000002        1.2000000000000002        0.0000000000000000     
   2.7000000000000002        1.3000000000000000        0.0000000000000000     
   2.7000000000000002        1.4000000000000001        0.0000000000000000     
   2.7000000000000002        1.5000000000000000        0.0000000000000000     
   2.7000000000000002        1.6000000000000001        0.0000000000000000     
   2.7000000000000002        1.7000000000000002        0.0000000000000000     
   2.7000000000000002        1.8000000000000000        0.0000000000000000     
   2.7000000000000002        1.9000000000000001        0.0000000000000000     
   2.7000000000000002        2.0000000000000000        0.0000000000000000     
   2.7000000000000002        2.1000000000000001        0.0000000000000000     
   2.7000000000000002        2.2000000000000002        0.0000000000000000     
   2.7000000000000002        2.3000000000000003        0.0000000000000000     
   2.7000000000000002        2.4000000000000004        0.0000000000000000     
   2.7000000000000002        2.5000000000000000        0.0000000000000000     
   2.7000000000000002        2.6000000000000001        0.0000000000000000     
   2.7000000000000002        2.7000000000000002        0.0000000000000000     
   2.7000000000000002        2.8000000000000003        0.0000000000000000     
   2.7000000000000002        2.9000000000000004        0.0000000000000000     
   2.7000000000000002        3.0000000000000000        0.0000000000000000     
   2.8000000000000003       0.10000000000000001        0.0000000000000000     
   2.8000000000000003       0.20000000000000001        0.0000000000000000     
   2.8000000000000003       0.30000000000000004        0.0000000000000000     
   2.8000000000000003       0.40000000000000002        0.0000000000000000     
   2.8000000000000003       0.50000000000000000        0.0000000000000000     
   2.8000000000000003       0.60000000000000009        0.0000000000000000     
   2.8000000000000003       0.70000000000000007        0.0000000000000000     
   2.8000000000000003       0.80000000000000004        0.0000000000000000     
   2.8000000000000003       0.90000000000000002        0.0000000000000000     
   2.8000000000000003        1.0000000000000000        0.0000000000000000     
   2.8000000000000003        1.1000000000000001        0.0000000000000000     
   2.8000000000000003        1.2000000000000002        0.0000000000000000     
   2.8000000000000003        1.3000000000000000        0.0000000000000000     
   2.8000000000000003        1.4000000000000001        0.0000000000000000     
   2.8000000000000003        1.5000000000000000        0.0000000000000000     
   2.8000000000000003        1.6000000000000001        0.0000000000000000     
   2.8000000000000003        1.7000000000000002        0.0000000000000000     
   2.8000000000000003        1.8000000000000000        0.0000000000000000     
   2.8000000000000003        1.9000000000000001        0.0000000000000000     
   2.8000000000000003        2.0000000000000000        0.0000000000000000     
   2.8000000000000003        2.1000000000000001        0.0000000000000000     
   2.8000000000000003        2.2000000000000002        0.0000000000000000     
   2.8000000000000003        2.3000000000000003        0.0000000000000000     
   2.8000000000000003        2.4000000000000004        0.0000000000000000     
   2.8000000000000003        2.5000000000000000        0.0000000000000000     
   2.8000000000000003        2.6000000000000001        0.0000000000000000     
   2.8000000000000003        2.7000000000000002        0.0000000000000000     
   2.8000000000000003        2.8000000000000003        0.0000000000000000     
   2.8000000000000003        2.9000000000000004        0.0000000000000000     
   2.8000000000000003        3.0000000000000000        0.0000000000000000     
   2.9000000000000004       0.10000000000000001        0.0000000000000000     
   2.9000000000000004       0.20000000000000001        0.0000000000000000     
   2.9000000000000004       0.30000000000000004        0.0000000000000000     
   2.9000000000000004       0.40000000000000002        0.0000000000000000     
   2.9000000000000004       0.50000000000000000        0.0000000000000000     
   2.9000000000000004       0.60000000000000009        0.0000000000000000     
   2.9000000000000004       0.70000000000000007        0.0000000000000000     
   2.9000000000000004       0.80000000000000004        0.0000000000000000     
   2.9000000000000004       0.90000000000000002        0.0000000000000000     
   2.9000000000000004        1.0000000000000000        0.0000000000000000     
   2.9000000000000004        1.1000000000000001        0.0000000000000000     
   2.9000000000000004        1.2000000000000002        0.0000000000000000     
   2.9000000000000004        1.3000000000000000        0.0000000000000000     
   2.9000000000000004        1.4000000000000001        0.0000000000000000     
   2.9000000000000004        1.5000000000000000        0.0000000000000000     
   2.9000000000000004        1.6000000000000001        0.0000000000000000     
   2.9000000000000004        1.7000000000000002        0.0000000000000000     
   2.9000000000000004        1.8000000000000000        0.0000000000000000     
   2.9000000000000004        1.9000000000000001        0.0000000000000000     
   2.9000000000000004        2.0000000000000000        0.0000000000000000     
   2.9000000000000004        2.1000000000000001        0.0000000000000000     
   2.9000000000000004        2.2000000000000002        0.0000000000000000     
   2.9000000000000004        2.3000000000000003        0.0000000000000000     
   2.9000000000000004        2.4000000000000004        0.0000000000000000     
   2.9000000000000004        2.5000000000000000        0.0000000000000000     
   2.9000000000000004        2.6000000000000001        0.0000000000000000     
   2.9000000000000004        2.7000000000000002        0.0000000000000000     
   2.9000000000000004        2.8000000000000003        0.0000000000000000     
   2.9000000000000004        2.9000000000000004        0.0000000000000000     
   2.9000000000000004        3.0000000000000000        0.0000000000000000     
   3.0000000000000000       0.10000000000000001        0.0000000000000000     
   3.0000000000000000       0.20000000000000001        0.0000000000000000     
   3.0000000000000000       0.30000000000000004        0.0000000000000000     
   3.0000000000000000       0.40000000000000002        0.0000000000000000     
   3.0000000000000000       0.50000000000000000        0.0000000000000000     
   3.0000000000000000       0.60000000000000009        0.0000000000000000     
   3.0000000000000000       0.70000000000000007        0.0000000000000000     
   3.0000000000000000       0.80000000000000004        0.0000000000000000     
   3.0000000000000000       0.90000000000000002        0.0000000000000000     
   3.0000000000000000        1.0000000000000000        0.0000000000000000     
   3.0000000000000000        1.1000000000000001        0.0000000000000000     
   3.0000000000000000        1.2000000000000002        0.0000000000000000     
   3.0000000000000000        1.3000000000000000        0.0000000000000000     
   3.0000000000000000        1.4000000000000001        0.0000000000000000     
   3.0000000000000000        1.5000000000000000        0.0000000000000000     
   3.0000000000000000        1.6000000000000001        0.0000000000000000     
   3.0000000000000000        1.7000000000000002        0.0000000000000000     
   3.0000000000000000        1.8000000000000000        0.0000000000000000     
   3.0000000000000000        1.9000000000000001        0.0000000000000000     
   3.0000000000000000        2.0000000000000000        0.0000000000000000     
   3.0000000000000000        2.1000000000000001        0.0000000000000000     
   3.0000000000000000        2.2000000000000002        0.0000000000000000     
   3.0000000000000000        2.3000000000000003        0.0000000000000000     
   3.0000000000000000        2.4000000000000004        0.0000000000000000     
   3.0000000000000000        2.5000000000000000        0.0000000000000000     
   3.0000000000000000        2.6000000000000001        0.0000000000000000     
   3.0000000000000000        2.7000000000000002        0.0000000000000000     
   3.0000000000000000        2.8000000000000003        0.0000000000000000     
   3.0000000000000000        2.9000000000000004        0.0000000000000000     
   3.0000000000000000        3.0000000000000000        0.0000000000000000     
