  0.10000000000000001       0.10000000000000001        0.0000000000000000     
  0.10000000000000001       0.20000000000000001        0.0000000000000000     
  0.10000000000000001       0.30000000000000004        0.0000000000000000     
  0.10000000000000001       0.40000000000000002        0.0000000000000000     
  0.10000000000000001       0.50000000000000000        0.0000000000000000     
  0.10000000000000001       0.60000000000000009        0.0000000000000000     
  0.10000000000000001       0.70000000000000007        0.0000000000000000     
  0.10000000000000001       0.80000000000000004        0.0000000000000000     
  0.10000000000000001       0.90000000000000002        0.0000000000000000     
  0.10000000000000001        1.0000000000000000        0.0000000000000000     
  0.10000000000000001        1.1000000000000001        0.0000000000000000     
  0.10000000000000001        1.2000000000000002        0.0000000000000000     
  0.10000000000000001        1.3000000000000000        0.0000000000000000     
  0.10000000000000001        1.4000000000000001        0.0000000000000000     
  0.10000000000000001        1.5000000000000000        0.0000000000000000     
  0.10000000000000001        1.6000000000000001        0.0000000000000000     
  0.10000000000000001        1.7000000000000002        0.0000000000000000     
  0.10000000000000001        1.8000000000000000        0.0000000000000000     
  0.10000000000000001        1.9000000000000001        0.0000000000000000     
  0.10000000000000001        2.0000000000000000        0.0000000000000000     
  0.10000000000000001        2.1000000000000001        0.0000000000000000     
  0.10000000000000001        2.2000000000000002        0.0000000000000000     
  0.10000000000000001        2.3000000000000003        0.0000000000000000     
  0.10000000000000001        2.4000000000000004        0.0000000000000000     
  0.10000000000000001        2.5000000000000000        0.0000000000000000     
  0.10000000000000001        2.6000000000000001        0.0000000000000000     
  0.10000000000000001        2.7000000000000002        0.0000000000000000     
  0.10000000000000001        2.8000000000000003        0.0000000000000000     
  0.10000000000000001        2.9000000000000004        0.0000000000000000     
  0.10000000000000001        3.0000000000000000        0.0000000000000000     
  0.20000000000000001       0.10000000000000001        0.0000000000000000     
  0.20000000000000001       0.20000000000000001        0.0000000000000000     
  0.20000000000000001       0.30000000000000004        0.0000000000000000     
  0.20000000000000001       0.40000000000000002        0.0000000000000000     
  0.20000000000000001       0.50000000000000000        0.0000000000000000     
  0.20000000000000001       0.60000000000000009        0.0000000000000000     
  0.20000000000000001       0.70000000000000007        0.0000000000000000     
  0.20000000000000001       0.80000000000000004        0.0000000000000000     
  0.20000000000000001       0.90000000000000002        0.0000000000000000     
  0.20000000000000001        1.0000000000000000        0.0000000000000000     
  0.20000000000000001        1.1000000000000001        0.0000000000000000     
  0.20000000000000001        1.2000000000000002        0.0000000000000000     
  0.20000000000000001        1.3000000000000000        0.0000000000000000     
  0.20000000000000001        1.4000000000000001        0.0000000000000000     
  0.20000000000000001        1.5000000000000000        0.0000000000000000     
  0.20000000000000001        1.6000000000000001        0.0000000000000000     
  0.20000000000000001        1.7000000000000002        0.0000000000000000     
  0.20000000000000001        1.8000000000000000        0.0000000000000000     
  0.20000000000000001        1.9000000000000001        0.0000000000000000     
  0.20000000000000001        2.0000000000000000        0.0000000000000000     
  0.20000000000000001        2.1000000000000001        0.0000000000000000     
  0.20000000000000001        2.2000000000000002        0.0000000000000000     
  0.20000000000000001        2.3000000000000003        0.0000000000000000     
  0.20000000000000001        2.4000000000000004        0.0000000000000000     
  0.20000000000000001        2.5000000000000000        0.0000000000000000     
  0.20000000000000001        2.6000000000000001        0.0000000000000000     
  0.20000000000000001        2.7000000000000002        0.0000000000000000     
  0.20000000000000001        2.8000000000000003        0.0000000000000000     
  0.20000000000000001        2.9000000000000004        0.0000000000000000     
  0.20000000000000001        3.0000000000000000        0.0000000000000000     
  0.30000000000000004       0.10000000000000001        0.0000000000000000     
  0.30000000000000004       0.20000000000000001        0.0000000000000000     
  0.30000000000000004       0.30000000000000004        0.0000000000000000     
  0.30000000000000004       0.40000000000000002        0.0000000000000000     
  0.30000000000000004       0.50000000000000000        0.0000000000000000     
  0.30000000000000004       0.60000000000000009        0.0000000000000000     
  0.30000000000000004       0.70000000000000007        0.0000000000000000     
  0.30000000000000004       0.80000000000000004        0.0000000000000000     
  0.30000000000000004       0.90000000000000002        0.0000000000000000     
  0.30000000000000004        1.0000000000000000        0.0000000000000000     
  0.30000000000000004        1.1000000000000001        0.0000000000000000     
  0.30000000000000004        1.2000000000000002        0.0000000000000000     
  0.30000000000000004        1.3000000000000000        0.0000000000000000     
  0.30000000000000004        1.4000000000000001        0.0000000000000000     
  0.30000000000000004        1.5000000000000000        0.0000000000000000     
  0.30000000000000004        1.6000000000000001        0.0000000000000000     
  0.30000000000000004        1.7000000000000002        0.0000000000000000     
  0.30000000000000004        1.8000000000000000        0.0000000000000000     
  0.30000000000000004        1.9000000000000001        0.0000000000000000     
  0.30000000000000004        2.0000000000000000        0.0000000000000000     
  0.30000000000000004        2.1000000000000001        0.0000000000000000     
  0.30000000000000004        2.2000000000000002        0.0000000000000000     
  0.30000000000000004        2.3000000000000003        0.0000000000000000     
  0.30000000000000004        2.4000000000000004        0.0000000000000000     
  0.30000000000000004        2.5000000000000000        0.0000000000000000     
  0.30000000000000004        2.6000000000000001        0.0000000000000000     
  0.30000000000000004        2.7000000000000002        0.0000000000000000     
  0.30000000000000004        2.8000000000000003        0.0000000000000000     
  0.30000000000000004        2.9000000000000004        0.0000000000000000     
  0.30000000000000004        3.0000000000000000        0.0000000000000000     
  0.40000000000000002       0.10000000000000001        0.0000000000000000     
  0.40000000000000002       0.20000000000000001        0.0000000000000000     
  0.40000000000000002       0.30000000000000004        0.0000000000000000     
  0.40000000000000002       0.40000000000000002        0.0000000000000000     
  0.40000000000000002       0.50000000000000000        0.0000000000000000     
  0.40000000000000002       0.60000000000000009        0.0000000000000000     
  0.40000000000000002       0.70000000000000007        0.0000000000000000     
  0.40000000000000002       0.80000000000000004        0.0000000000000000     
  0.40000000000000002       0.90000000000000002        0.0000000000000000     
  0.40000000000000002        1.0000000000000000        0.0000000000000000     
  0.40000000000000002        1.1000000000000001        0.0000000000000000     
  0.40000000000000002        1.2000000000000002        0.0000000000000000     
  0.40000000000000002        1.3000000000000000        0.0000000000000000     
  0.40000000000000002        1.4000000000000001        0.0000000000000000     
  0.40000000000000002        1.5000000000000000        0.0000000000000000     
  0.40000000000000002        1.6000000000000001        0.0000000000000000     
  0.40000000000000002        1.7000000000000002        0.0000000000000000     
  0.40000000000000002        1.8000000000000000        0.0000000000000000     
  0.40000000000000002        1.9000000000000001        0.0000000000000000     
  0.40000000000000002        2.0000000000000000        0.0000000000000000     
  0.40000000000000002        2.1000000000000001        0.0000000000000000     
  0.40000000000000002        2.2000000000000002        0.0000000000000000     
  0.40000000000000002        2.3000000000000003        0.0000000000000000     
  0.40000000000000002        2.4000000000000004        0.0000000000000000     
  0.40000000000000002        2.5000000000000000        0.0000000000000000     
  0.40000000000000002        2.6000000000000001        0.0000000000000000     
  0.40000000000000002        2.7000000000000002        0.0000000000000000     
  0.40000000000000002        2.8000000000000003        0.0000000000000000     
  0.40000000000000002        2.9000000000000004        0.0000000000000000     
  0.40000000000000002        3.0000000000000000        0.0000000000000000     
  0.50000000000000000       0.10000000000000001        0.0000000000000000     
  0.50000000000000000       0.20000000000000001        0.0000000000000000     
  0.50000000000000000       0.30000000000000004        0.0000000000000000     
  0.50000000000000000       0.40000000000000002        0.0000000000000000     
  0.50000000000000000       0.50000000000000000        0.0000000000000000     
  0.50000000000000000       0.60000000000000009        0.0000000000000000     
  0.50000000000000000       0.70000000000000007        0.0000000000000000     
  0.50000000000000000       0.80000000000000004        0.0000000000000000     
  0.50000000000000000       0.90000000000000002        0.0000000000000000     
  0.50000000000000000        1.0000000000000000        0.0000000000000000     
  0.50000000000000000        1.1000000000000001        0.0000000000000000     
  0.50000000000000000        1.2000000000000002        0.0000000000000000     
  0.50000000000000000        1.3000000000000000        0.0000000000000000     
  0.50000000000000000        1.4000000000000001        0.0000000000000000     
  0.50000000000000000        1.5000000000000000        0.0000000000000000     
  0.50000000000000000        1.6000000000000001        0.0000000000000000     
  0.50000000000000000        1.7000000000000002        0.0000000000000000     
  0.50000000000000000        1.8000000000000000        0.0000000000000000     
  0.50000000000000000        1.9000000000000001        0.0000000000000000     
  0.50000000000000000        2.0000000000000000        0.0000000000000000     
  0.50000000000000000        2.1000000000000001        0.0000000000000000     
  0.50000000000000000        2.2000000000000002        0.0000000000000000     
  0.50000000000000000        2.3000000000000003        0.0000000000000000     
  0.50000000000000000        2.4000000000000004        0.0000000000000000     
  0.50000000000000000        2.5000000000000000        0.0000000000000000     
  0.50000000000000000        2.6000000000000001        0.0000000000000000     
  0.50000000000000000        2.7000000000000002        0.0000000000000000     
  0.50000000000000000        2.8000000000000003        0.0000000000000000     
  0.50000000000000000        2.9000000000000004        0.0000000000000000     
  0.50000000000000000        3.0000000000000000        0.0000000000000000     
  0.60000000000000009       0.10000000000000001        0.0000000000000000     
  0.60000000000000009       0.20000000000000001        0.0000000000000000     
  0.60000000000000009       0.30000000000000004        0.0000000000000000     
  0.60000000000000009       0.40000000000000002        0.0000000000000000     
  0.60000000000000009       0.50000000000000000        0.0000000000000000     
  0.60000000000000009       0.60000000000000009        0.0000000000000000     
  0.60000000000000009       0.70000000000000007        0.0000000000000000     
  0.60000000000000009       0.80000000000000004        0.0000000000000000     
  0.60000000000000009       0.90000000000000002        0.0000000000000000     
  0.60000000000000009        1.0000000000000000        0.0000000000000000     
  0.60000000000000009        1.1000000000000001        0.0000000000000000     
  0.60000000000000009        1.2000000000000002        0.0000000000000000     
  0.60000000000000009        1.3000000000000000        0.0000000000000000     
  0.60000000000000009        1.4000000000000001        0.0000000000000000     
  0.60000000000000009        1.5000000000000000        0.0000000000000000     
  0.60000000000000009        1.6000000000000001        0.0000000000000000     
  0.60000000000000009        1.7000000000000002        0.0000000000000000     
  0.60000000000000009        1.8000000000000000        0.0000000000000000     
  0.60000000000000009        1.9000000000000001        0.0000000000000000     
  0.60000000000000009        2.0000000000000000        0.0000000000000000     
  0.60000000000000009        2.1000000000000001        0.0000000000000000     
  0.60000000000000009        2.2000000000000002        0.0000000000000000     
  0.60000000000000009        2.3000000000000003        0.0000000000000000     
  0.60000000000000009        2.4000000000000004        0.0000000000000000     
  0.60000000000000009        2.5000000000000000        0.0000000000000000     
  0.60000000000000009        2.6000000000000001        0.0000000000000000     
  0.60000000000000009        2.7000000000000002        0.0000000000000000     
  0.60000000000000009        2.8000000000000003        0.0000000000000000     
  0.60000000000000009        2.9000000000000004        0.0000000000000000     
  0.60000000000000009        3.0000000000000000        0.0000000000000000     
  0.70000000000000007       0.10000000000000001        0.0000000000000000     
  0.70000000000000007       0.20000000000000001        0.0000000000000000     
  0.70000000000000007       0.30000000000000004        0.0000000000000000     
  0.70000000000000007       0.40000000000000002        0.0000000000000000     
  0.70000000000000007       0.50000000000000000        0.0000000000000000     
  0.70000000000000007       0.60000000000000009        0.0000000000000000     
  0.70000000000000007       0.70000000000000007        0.0000000000000000     
  0.70000000000000007       0.80000000000000004        0.0000000000000000     
  0.70000000000000007       0.90000000000000002        0.0000000000000000     
  0.70000000000000007        1.0000000000000000        0.0000000000000000     
  0.70000000000000007        1.1000000000000001        0.0000000000000000     
  0.70000000000000007        1.2000000000000002        0.0000000000000000     
  0.70000000000000007        1.3000000000000000        0.0000000000000000     
  0.70000000000000007        1.4000000000000001        0.0000000000000000     
  0.70000000000000007        1.5000000000000000        0.0000000000000000     
  0.70000000000000007        1.6000000000000001        0.0000000000000000     
  0.70000000000000007        1.7000000000000002        0.0000000000000000     
  0.70000000000000007        1.8000000000000000        0.0000000000000000     
  0.70000000000000007        1.9000000000000001        0.0000000000000000     
  0.70000000000000007        2.0000000000000000        0.0000000000000000     
  0.70000000000000007        2.1000000000000001        0.0000000000000000     
  0.70000000000000007        2.2000000000000002        0.0000000000000000     
  0.70000000000000007        2.3000000000000003        0.0000000000000000     
  0.70000000000000007        2.4000000000000004        0.0000000000000000     
  0.70000000000000007        2.5000000000000000        0.0000000000000000     
  0.70000000000000007        2.6000000000000001        0.0000000000000000     
  0.70000000000000007        2.7000000000000002        0.0000000000000000     
  0.70000000000000007        2.8000000000000003        0.0000000000000000     
  0.70000000000000007        2.9000000000000004        0.0000000000000000     
  0.70000000000000007        3.0000000000000000        0.0000000000000000     
  0.80000000000000004       0.10000000000000001        0.0000000000000000     
  0.80000000000000004       0.20000000000000001        0.0000000000000000     
  0.80000000000000004       0.30000000000000004        0.0000000000000000     
  0.80000000000000004       0.40000000000000002        0.0000000000000000     
  0.80000000000000004       0.50000000000000000        0.0000000000000000     
  0.80000000000000004       0.60000000000000009        0.0000000000000000     
  0.80000000000000004       0.70000000000000007        0.0000000000000000     
  0.80000000000000004       0.80000000000000004        0.0000000000000000     
  0.80000000000000004       0.90000000000000002        0.0000000000000000     
  0.80000000000000004        1.0000000000000000        0.0000000000000000     
  0.80000000000000004        1.1000000000000001        0.0000000000000000     
  0.80000000000000004        1.2000000000000002        0.0000000000000000     
  0.80000000000000004        1.3000000000000000        0.0000000000000000     
  0.80000000000000004        1.4000000000000001        0.0000000000000000     
  0.80000000000000004        1.5000000000000000        0.0000000000000000     
  0.80000000000000004        1.6000000000000001        0.0000000000000000     
  0.80000000000000004        1.7000000000000002        0.0000000000000000     
  0.80000000000000004        1.8000000000000000        0.0000000000000000     
  0.80000000000000004        1.9000000000000001        0.0000000000000000     
  0.80000000000000004        2.0000000000000000        0.0000000000000000     
  0.80000000000000004        2.1000000000000001        0.0000000000000000     
  0.80000000000000004        2.2000000000000002        0.0000000000000000     
  0.80000000000000004        2.3000000000000003        0.0000000000000000     
  0.80000000000000004        2.4000000000000004        0.0000000000000000     
  0.80000000000000004        2.5000000000000000        0.0000000000000000     
  0.80000000000000004        2.6000000000000001        0.0000000000000000     
  0.80000000000000004        2.7000000000000002        0.0000000000000000     
  0.80000000000000004        2.8000000000000003        0.0000000000000000     
  0.80000000000000004        2.9000000000000004        0.0000000000000000     
  0.80000000000000004        3.0000000000000000        0.0000000000000000     
  0.90000000000000002       0.10000000000000001        0.0000000000000000     
  0.90000000000000002       0.20000000000000001        0.0000000000000000     
  0.90000000000000002       0.30000000000000004        0.0000000000000000     
  0.90000000000000002       0.40000000000000002        0.0000000000000000     
  0.90000000000000002       0.50000000000000000        0.0000000000000000     
  0.90000000000000002       0.60000000000000009        0.0000000000000000     
  0.90000000000000002       0.70000000000000007        0.0000000000000000     
  0.90000000000000002       0.80000000000000004        0.0000000000000000     
  0.90000000000000002       0.90000000000000002        0.0000000000000000     
  0.90000000000000002        1.0000000000000000        0.0000000000000000     
  0.90000000000000002        1.1000000000000001        0.0000000000000000     
  0.90000000000000002        1.2000000000000002        0.0000000000000000     
  0.90000000000000002        1.3000000000000000        0.0000000000000000     
  0.90000000000000002        1.4000000000000001        0.0000000000000000     
  0.90000000000000002        1.5000000000000000        0.0000000000000000     
  0.90000000000000002        1.6000000000000001        0.0000000000000000     
  0.90000000000000002        1.7000000000000002        0.0000000000000000     
  0.90000000000000002        1.8000000000000000        0.0000000000000000     
  0.90000000000000002        1.9000000000000001        0.0000000000000000     
  0.90000000000000002        2.0000000000000000        0.0000000000000000     
  0.90000000000000002        2.1000000000000001        0.0000000000000000     
  0.90000000000000002        2.2000000000000002        0.0000000000000000     
  0.90000000000000002        2.3000000000000003        0.0000000000000000     
  0.90000000000000002        2.4000000000000004        0.0000000000000000     
  0.90000000000000002        2.5000000000000000        0.0000000000000000     
  0.90000000000000002        2.6000000000000001        0.0000000000000000     
  0.90000000000000002        2.7000000000000002        0.0000000000000000     
  0.90000000000000002        2.8000000000000003        0.0000000000000000     
  0.90000000000000002        2.9000000000000004        0.0000000000000000     
  0.90000000000000002        3.0000000000000000        0.0000000000000000     
   1.0000000000000000       0.10000000000000001        0.0000000000000000     
   1.0000000000000000       0.20000000000000001        0.0000000000000000     
   1.0000000000000000       0.30000000000000004        0.0000000000000000     
   1.0000000000000000       0.40000000000000002        0.0000000000000000     
   1.0000000000000000       0.50000000000000000        0.0000000000000000     
   1.0000000000000000       0.60000000000000009        0.0000000000000000     
   1.0000000000000000       0.70000000000000007        0.0000000000000000     
   1.0000000000000000       0.80000000000000004        0.0000000000000000     
   1.0000000000000000       0.90000000000000002        0.0000000000000000     
   1.0000000000000000        1.0000000000000000        0.0000000000000000     
   1.0000000000000000        1.1000000000000001        0.0000000000000000     
   1.0000000000000000        1.2000000000000002        0.0000000000000000     
   1.0000000000000000        1.3000000000000000        0.0000000000000000     
   1.0000000000000000        1.4000000000000001        0.0000000000000000     
   1.0000000000000000        1.5000000000000000        0.0000000000000000     
   1.0000000000000000        1.6000000000000001        0.0000000000000000     
   1.0000000000000000        1.7000000000000002        0.0000000000000000     
   1.0000000000000000        1.8000000000000000        0.0000000000000000     
   1.0000000000000000        1.9000000000000001        0.0000000000000000     
   1.0000000000000000        2.0000000000000000        0.0000000000000000     
   1.0000000000000000        2.1000000000000001        0.0000000000000000     
   1.0000000000000000        2.2000000000000002        0.0000000000000000     
   1.0000000000000000        2.3000000000000003        0.0000000000000000     
   1.0000000000000000        2.4000000000000004        0.0000000000000000     
   1.0000000000000000        2.5000000000000000        0.0000000000000000     
   1.0000000000000000        2.6000000000000001        0.0000000000000000     
   1.0000000000000000        2.7000000000000002        0.0000000000000000     
   1.0000000000000000        2.8000000000000003        0.0000000000000000     
   1.0000000000000000        2.9000000000000004        0.0000000000000000     
   1.0000000000000000        3.0000000000000000        0.0000000000000000     
   1.1000000000000001       0.10000000000000001        0.0000000000000000     
   1.1000000000000001       0.20000000000000001        0.0000000000000000     
   1.1000000000000001       0.30000000000000004        0.0000000000000000     
   1.1000000000000001       0.40000000000000002        0.0000000000000000     
   1.1000000000000001       0.50000000000000000        0.0000000000000000     
   1.1000000000000001       0.60000000000000009        0.0000000000000000     
   1.1000000000000001       0.70000000000000007        0.0000000000000000     
   1.1000000000000001       0.80000000000000004        0.0000000000000000     
   1.1000000000000001       0.90000000000000002        0.0000000000000000     
   1.1000000000000001        1.0000000000000000        0.0000000000000000     
   1.1000000000000001        1.1000000000000001        0.0000000000000000     
   1.1000000000000001        1.2000000000000002        0.0000000000000000     
   1.1000000000000001        1.3000000000000000        0.0000000000000000     
   1.1000000000000001        1.4000000000000001        0.0000000000000000     
   1.1000000000000001        1.5000000000000000        0.0000000000000000     
   1.1000000000000001        1.6000000000000001        0.0000000000000000     
   1.1000000000000001        1.7000000000000002        0.0000000000000000     
   1.1000000000000001        1.8000000000000000        0.0000000000000000     
   1.1000000000000001        1.9000000000000001        0.0000000000000000     
   1.1000000000000001        2.0000000000000000        0.0000000000000000     
   1.1000000000000001        2.1000000000000001        0.0000000000000000     
   1.1000000000000001        2.2000000000000002        0.0000000000000000     
   1.1000000000000001        2.3000000000000003        0.0000000000000000     
   1.1000000000000001        2.4000000000000004        0.0000000000000000     
   1.1000000000000001        2.5000000000000000        0.0000000000000000     
   1.1000000000000001        2.6000000000000001        0.0000000000000000     
   1.1000000000000001        2.7000000000000002        0.0000000000000000     
   1.1000000000000001        2.8000000000000003        0.0000000000000000     
   1.1000000000000001        2.9000000000000004        0.0000000000000000     
   1.1000000000000001        3.0000000000000000        0.0000000000000000     
   1.2000000000000002       0.10000000000000001        0.0000000000000000     
   1.2000000000000002       0.20000000000000001        0.0000000000000000     
   1.2000000000000002       0.30000000000000004        0.0000000000000000     
   1.2000000000000002       0.40000000000000002        0.0000000000000000     
   1.2000000000000002       0.50000000000000000        0.0000000000000000     
   1.2000000000000002       0.60000000000000009        0.0000000000000000     
   1.2000000000000002       0.70000000000000007        0.0000000000000000     
   1.2000000000000002       0.80000000000000004        0.0000000000000000     
   1.2000000000000002       0.90000000000000002        0.0000000000000000     
   1.2000000000000002        1.0000000000000000        0.0000000000000000     
   1.2000000000000002        1.1000000000000001        0.0000000000000000     
   1.2000000000000002        1.2000000000000002        0.0000000000000000     
   1.2000000000000002        1.3000000000000000        0.0000000000000000     
   1.2000000000000002        1.4000000000000001        0.0000000000000000     
   1.2000000000000002        1.5000000000000000        0.0000000000000000     
   1.2000000000000002        1.6000000000000001        0.0000000000000000     
   1.2000000000000002        1.7000000000000002        0.0000000000000000     
   1.2000000000000002        1.8000000000000000        0.0000000000000000     
   1.2000000000000002        1.9000000000000001        0.0000000000000000     
   1.2000000000000002        2.0000000000000000        0.0000000000000000     
   1.2000000000000002        2.1000000000000001        0.0000000000000000     
   1.2000000000000002        2.2000000000000002        0.0000000000000000     
   1.2000000000000002        2.3000000000000003        0.0000000000000000     
   1.2000000000000002        2.4000000000000004        0.0000000000000000     
   1.2000000000000002        2.5000000000000000        0.0000000000000000     
   1.2000000000000002        2.6000000000000001        0.0000000000000000     
   1.2000000000000002        2.7000000000000002        0.0000000000000000     
   1.2000000000000002        2.8000000000000003        0.0000000000000000     
   1.2000000000000002        2.9000000000000004        0.0000000000000000     
   1.2000000000000002        3.0000000000000000        0.0000000000000000     
   1.3000000000000000       0.10000000000000001       0.92000000000000004     
   1.3000000000000000       0.20000000000000001       0.92000000000000004     
   1.3000000000000000       0.30000000000000004       0.92000000000000004     
   1.3000000000000000       0.40000000000000002       0.91000000000000003     
   1.3000000000000000       0.50000000000000000       0.91000000000000003     
   1.3000000000000000       0.60000000000000009       0.91000000000000003     
   1.3000000000000000       0.70000000000000007       0.91000000000000003     
   1.3000000000000000       0.80000000000000004       0.91000000000000003     
   1.3000000000000000       0.90000000000000002       0.90000000000000002     
   1.3000000000000000        1.0000000000000000       0.90000000000000002     
   1.3000000000000000        1.1000000000000001       0.90000000000000002     
   1.3000000000000000        1.2000000000000002       0.90000000000000002     
   1.3000000000000000        1.3000000000000000       0.90000000000000002     
   1.3000000000000000        1.4000000000000001       0.89000000000000001     
   1.3000000000000000        1.5000000000000000       0.89000000000000001     
   1.3000000000000000        1.6000000000000001       0.89000000000000001     
   1.3000000000000000        1.7000000000000002       0.89000000000000001     
   1.3000000000000000        1.8000000000000000       0.89000000000000001     
   1.3000000000000000        1.9000000000000001       0.89000000000000001     
   1.3000000000000000        2.0000000000000000       0.89000000000000001     
   1.3000000000000000        2.1000000000000001       0.89000000000000001     
   1.3000000000000000        2.2000000000000002       0.89000000000000001     
   1.3000000000000000        2.3000000000000003       0.89000000000000001     
   1.3000000000000000        2.4000000000000004       0.88000000000000000     
   1.3000000000000000        2.5000000000000000       0.88000000000000000     
   1.3000000000000000        2.6000000000000001       0.88000000000000000     
   1.3000000000000000        2.7000000000000002       0.88000000000000000     
   1.3000000000000000        2.8000000000000003       0.88000000000000000     
   1.3000000000000000        2.9000000000000004       0.88000000000000000     
   1.3000000000000000        3.0000000000000000       0.88000000000000000     
   1.4000000000000001       0.10000000000000001       0.82000000000000006     
   1.4000000000000001       0.20000000000000001       0.82000000000000006     
   1.4000000000000001       0.30000000000000004       0.81000000000000005     
   1.4000000000000001       0.40000000000000002       0.81000000000000005     
   1.4000000000000001       0.50000000000000000       0.81000000000000005     
   1.4000000000000001       0.60000000000000009       0.81000000000000005     
   1.4000000000000001       0.70000000000000007       0.80000000000000004     
   1.4000000000000001       0.80000000000000004       0.80000000000000004     
   1.4000000000000001       0.90000000000000002       0.80000000000000004     
   1.4000000000000001        1.0000000000000000       0.80000000000000004     
   1.4000000000000001        1.1000000000000001       0.80000000000000004     
   1.4000000000000001        1.2000000000000002       0.79000000000000004     
   1.4000000000000001        1.3000000000000000       0.79000000000000004     
   1.4000000000000001        1.4000000000000001       0.79000000000000004     
   1.4000000000000001        1.5000000000000000       0.79000000000000004     
   1.4000000000000001        1.6000000000000001       0.79000000000000004     
   1.4000000000000001        1.7000000000000002       0.79000000000000004     
   1.4000000000000001        1.8000000000000000       0.79000000000000004     
   1.4000000000000001        1.9000000000000001       0.78000000000000003     
   1.4000000000000001        2.0000000000000000       0.78000000000000003     
   1.4000000000000001        2.1000000000000001       0.78000000000000003     
   1.4000000000000001        2.2000000000000002       0.78000000000000003     
   1.4000000000000001        2.3000000000000003       0.78000000000000003     
   1.4000000000000001        2.4000000000000004       0.78000000000000003     
   1.4000000000000001        2.5000000000000000       0.78000000000000003     
   1.4000000000000001        2.6000000000000001       0.78000000000000003     
   1.4000000000000001        2.7000000000000002       0.78000000000000003     
   1.4000000000000001        2.8000000000000003       0.78000000000000003     
   1.4000000000000001        2.9000000000000004       0.78000000000000003     
   1.4000000000000001        3.0000000000000000       0.78000000000000003     
   1.5000000000000000       0.10000000000000001       0.71999999999999997     
   1.5000000000000000       0.20000000000000001       0.70999999999999996     
   1.5000000000000000       0.30000000000000004       0.70999999999999996     
   1.5000000000000000       0.40000000000000002       0.70999999999999996     
   1.5000000000000000       0.50000000000000000       0.69999999999999996     
   1.5000000000000000       0.60000000000000009       0.69999999999999996     
   1.5000000000000000       0.70000000000000007       0.69999999999999996     
   1.5000000000000000       0.80000000000000004       0.69999999999999996     
   1.5000000000000000       0.90000000000000002       0.69000000000000006     
   1.5000000000000000        1.0000000000000000       0.69000000000000006     
   1.5000000000000000        1.1000000000000001       0.69000000000000006     
   1.5000000000000000        1.2000000000000002       0.69000000000000006     
   1.5000000000000000        1.3000000000000000       0.69000000000000006     
   1.5000000000000000        1.4000000000000001       0.68000000000000005     
   1.5000000000000000        1.5000000000000000       0.68000000000000005     
   1.5000000000000000        1.6000000000000001       0.68000000000000005     
   1.5000000000000000        1.7000000000000002       0.68000000000000005     
   1.5000000000000000        1.8000000000000000       0.68000000000000005     
   1.5000000000000000        1.9000000000000001       0.68000000000000005     
   1.5000000000000000        2.0000000000000000       0.68000000000000005     
   1.5000000000000000        2.1000000000000001       0.67000000000000004     
   1.5000000000000000        2.2000000000000002       0.67000000000000004     
   1.5000000000000000        2.3000000000000003       0.67000000000000004     
   1.5000000000000000        2.4000000000000004       0.67000000000000004     
   1.5000000000000000        2.5000000000000000       0.67000000000000004     
   1.5000000000000000        2.6000000000000001       0.67000000000000004     
   1.5000000000000000        2.7000000000000002       0.67000000000000004     
   1.5000000000000000        2.8000000000000003       0.67000000000000004     
   1.5000000000000000        2.9000000000000004       0.67000000000000004     
   1.5000000000000000        3.0000000000000000       0.67000000000000004     
   1.6000000000000001       0.10000000000000001       0.60999999999999999     
   1.6000000000000001       0.20000000000000001       0.59999999999999998     
   1.6000000000000001       0.30000000000000004       0.59999999999999998     
   1.6000000000000001       0.40000000000000002       0.59999999999999998     
   1.6000000000000001       0.50000000000000000       0.58999999999999997     
   1.6000000000000001       0.60000000000000009       0.58999999999999997     
   1.6000000000000001       0.70000000000000007       0.58999999999999997     
   1.6000000000000001       0.80000000000000004       0.58999999999999997     
   1.6000000000000001       0.90000000000000002       0.57999999999999996     
   1.6000000000000001        1.0000000000000000       0.57999999999999996     
   1.6000000000000001        1.1000000000000001       0.57999999999999996     
   1.6000000000000001        1.2000000000000002       0.57999999999999996     
   1.6000000000000001        1.3000000000000000       0.57999999999999996     
   1.6000000000000001        1.4000000000000001       0.56999999999999995     
   1.6000000000000001        1.5000000000000000       0.56999999999999995     
   1.6000000000000001        1.6000000000000001       0.56999999999999995     
   1.6000000000000001        1.7000000000000002       0.56999999999999995     
   1.6000000000000001        1.8000000000000000       0.56999999999999995     
   1.6000000000000001        1.9000000000000001       0.56999999999999995     
   1.6000000000000001        2.0000000000000000       0.56999999999999995     
   1.6000000000000001        2.1000000000000001       0.56000000000000005     
   1.6000000000000001        2.2000000000000002       0.56000000000000005     
   1.6000000000000001        2.3000000000000003       0.56000000000000005     
   1.6000000000000001        2.4000000000000004       0.56000000000000005     
   1.6000000000000001        2.5000000000000000       0.56000000000000005     
   1.6000000000000001        2.6000000000000001       0.56000000000000005     
   1.6000000000000001        2.7000000000000002       0.56000000000000005     
   1.6000000000000001        2.8000000000000003       0.56000000000000005     
   1.6000000000000001        2.9000000000000004       0.56000000000000005     
   1.6000000000000001        3.0000000000000000       0.56000000000000005     
   1.7000000000000002       0.10000000000000001       0.50000000000000000     
   1.7000000000000002       0.20000000000000001       0.48999999999999999     
   1.7000000000000002       0.30000000000000004       0.48999999999999999     
   1.7000000000000002       0.40000000000000002       0.48999999999999999     
   1.7000000000000002       0.50000000000000000       0.47999999999999998     
   1.7000000000000002       0.60000000000000009       0.47999999999999998     
   1.7000000000000002       0.70000000000000007       0.47999999999999998     
   1.7000000000000002       0.80000000000000004       0.47999999999999998     
   1.7000000000000002       0.90000000000000002       0.46999999999999997     
   1.7000000000000002        1.0000000000000000       0.46999999999999997     
   1.7000000000000002        1.1000000000000001       0.46999999999999997     
   1.7000000000000002        1.2000000000000002       0.46999999999999997     
   1.7000000000000002        1.3000000000000000       0.46999999999999997     
   1.7000000000000002        1.4000000000000001       0.46000000000000002     
   1.7000000000000002        1.5000000000000000       0.46000000000000002     
   1.7000000000000002        1.6000000000000001       0.46000000000000002     
   1.7000000000000002        1.7000000000000002       0.46000000000000002     
   1.7000000000000002        1.8000000000000000       0.46000000000000002     
   1.7000000000000002        1.9000000000000001       0.46000000000000002     
   1.7000000000000002        2.0000000000000000       0.46000000000000002     
   1.7000000000000002        2.1000000000000001       0.45000000000000001     
   1.7000000000000002        2.2000000000000002       0.45000000000000001     
   1.7000000000000002        2.3000000000000003       0.45000000000000001     
   1.7000000000000002        2.4000000000000004       0.45000000000000001     
   1.7000000000000002        2.5000000000000000       0.45000000000000001     
   1.7000000000000002        2.6000000000000001       0.45000000000000001     
   1.7000000000000002        2.7000000000000002       0.45000000000000001     
   1.7000000000000002        2.8000000000000003       0.45000000000000001     
   1.7000000000000002        2.9000000000000004       0.45000000000000001     
   1.7000000000000002        3.0000000000000000       0.45000000000000001     
   1.8000000000000000       0.10000000000000001       0.39000000000000001     
   1.8000000000000000       0.20000000000000001       0.38000000000000000     
   1.8000000000000000       0.30000000000000004       0.38000000000000000     
   1.8000000000000000       0.40000000000000002       0.38000000000000000     
   1.8000000000000000       0.50000000000000000       0.37000000000000000     
   1.8000000000000000       0.60000000000000009       0.37000000000000000     
   1.8000000000000000       0.70000000000000007       0.37000000000000000     
   1.8000000000000000       0.80000000000000004       0.37000000000000000     
   1.8000000000000000       0.90000000000000002       0.35999999999999999     
   1.8000000000000000        1.0000000000000000       0.35999999999999999     
   1.8000000000000000        1.1000000000000001       0.35999999999999999     
   1.8000000000000000        1.2000000000000002       0.35999999999999999     
   1.8000000000000000        1.3000000000000000       0.34999999999999998     
   1.8000000000000000        1.4000000000000001       0.34999999999999998     
   1.8000000000000000        1.5000000000000000       0.34999999999999998     
   1.8000000000000000        1.6000000000000001       0.34999999999999998     
   1.8000000000000000        1.7000000000000002       0.34999999999999998     
   1.8000000000000000        1.8000000000000000       0.34999999999999998     
   1.8000000000000000        1.9000000000000001       0.34999999999999998     
   1.8000000000000000        2.0000000000000000       0.34000000000000002     
   1.8000000000000000        2.1000000000000001       0.34000000000000002     
   1.8000000000000000        2.2000000000000002       0.34000000000000002     
   1.8000000000000000        2.3000000000000003       0.34000000000000002     
   1.8000000000000000        2.4000000000000004       0.34000000000000002     
   1.8000000000000000        2.5000000000000000       0.34000000000000002     
   1.8000000000000000        2.6000000000000001       0.34000000000000002     
   1.8000000000000000        2.7000000000000002       0.34000000000000002     
   1.8000000000000000        2.8000000000000003       0.34000000000000002     
   1.8000000000000000        2.9000000000000004       0.34000000000000002     
   1.8000000000000000        3.0000000000000000       0.34000000000000002     
   1.9000000000000001       0.10000000000000001       0.27999999999999997     
   1.9000000000000001       0.20000000000000001       0.27000000000000002     
   1.9000000000000001       0.30000000000000004       0.27000000000000002     
   1.9000000000000001       0.40000000000000002       0.27000000000000002     
   1.9000000000000001       0.50000000000000000       0.26000000000000001     
   1.9000000000000001       0.60000000000000009       0.26000000000000001     
   1.9000000000000001       0.70000000000000007       0.26000000000000001     
   1.9000000000000001       0.80000000000000004       0.26000000000000001     
   1.9000000000000001       0.90000000000000002       0.25000000000000000     
   1.9000000000000001        1.0000000000000000       0.25000000000000000     
   1.9000000000000001        1.1000000000000001       0.25000000000000000     
   1.9000000000000001        1.2000000000000002       0.25000000000000000     
   1.9000000000000001        1.3000000000000000       0.23999999999999999     
   1.9000000000000001        1.4000000000000001       0.23999999999999999     
   1.9000000000000001        1.5000000000000000       0.23999999999999999     
   1.9000000000000001        1.6000000000000001       0.23999999999999999     
   1.9000000000000001        1.7000000000000002       0.23999999999999999     
   1.9000000000000001        1.8000000000000000       0.23999999999999999     
   1.9000000000000001        1.9000000000000001       0.23999999999999999     
   1.9000000000000001        2.0000000000000000       0.22999999999999998     
   1.9000000000000001        2.1000000000000001       0.22999999999999998     
   1.9000000000000001        2.2000000000000002       0.22999999999999998     
   1.9000000000000001        2.3000000000000003       0.22999999999999998     
   1.9000000000000001        2.4000000000000004       0.22999999999999998     
   1.9000000000000001        2.5000000000000000       0.22999999999999998     
   1.9000000000000001        2.6000000000000001       0.22999999999999998     
   1.9000000000000001        2.7000000000000002       0.22999999999999998     
   1.9000000000000001        2.8000000000000003       0.22999999999999998     
   1.9000000000000001        2.9000000000000004       0.22999999999999998     
   1.9000000000000001        3.0000000000000000       0.22999999999999998     
   2.0000000000000000       0.10000000000000001       0.16999999999999998     
   2.0000000000000000       0.20000000000000001       0.16000000000000000     
   2.0000000000000000       0.30000000000000004       0.16000000000000000     
   2.0000000000000000       0.40000000000000002       0.16000000000000000     
   2.0000000000000000       0.50000000000000000       0.14999999999999999     
   2.0000000000000000       0.60000000000000009       0.14999999999999999     
   2.0000000000000000       0.70000000000000007       0.14999999999999999     
   2.0000000000000000       0.80000000000000004       0.14999999999999999     
   2.0000000000000000       0.90000000000000002       0.13999999999999999     
   2.0000000000000000        1.0000000000000000       0.13999999999999999     
   2.0000000000000000        1.1000000000000001       0.13999999999999999     
   2.0000000000000000        1.2000000000000002       0.13999999999999999     
   2.0000000000000000        1.3000000000000000       0.13999999999999999     
   2.0000000000000000        1.4000000000000001       0.13000000000000000     
   2.0000000000000000        1.5000000000000000       0.13000000000000000     
   2.0000000000000000        1.6000000000000001       0.13000000000000000     
   2.0000000000000000        1.7000000000000002       0.13000000000000000     
   2.0000000000000000        1.8000000000000000       0.13000000000000000     
   2.0000000000000000        1.9000000000000001       0.13000000000000000     
   2.0000000000000000        2.0000000000000000       0.13000000000000000     
   2.0000000000000000        2.1000000000000001       0.12000000000000001     
   2.0000000000000000        2.2000000000000002       0.12000000000000001     
   2.0000000000000000        2.3000000000000003       0.12000000000000001     
   2.0000000000000000        2.4000000000000004       0.12000000000000001     
   2.0000000000000000        2.5000000000000000       0.12000000000000001     
   2.0000000000000000        2.6000000000000001       0.12000000000000001     
   2.0000000000000000        2.7000000000000002       0.12000000000000001     
   2.0000000000000000        2.8000000000000003       0.12000000000000001     
   2.0000000000000000        2.9000000000000004       0.12000000000000001     
   2.0000000000000000        3.0000000000000000       0.12000000000000001     
   2.1000000000000001       0.10000000000000001        6.0000000000000005E-002
   2.1000000000000001       0.20000000000000001        6.0000000000000005E-002
   2.1000000000000001       0.30000000000000004        4.9999999999999996E-002
   2.1000000000000001       0.40000000000000002        4.9999999999999996E-002
   2.1000000000000001       0.50000000000000000        4.9999999999999996E-002
   2.1000000000000001       0.60000000000000009        4.0000000000000001E-002
   2.1000000000000001       0.70000000000000007        4.0000000000000001E-002
   2.1000000000000001       0.80000000000000004        4.0000000000000001E-002
   2.1000000000000001       0.90000000000000002        4.0000000000000001E-002
   2.1000000000000001        1.0000000000000000        2.9999999999999999E-002
   2.1000000000000001        1.1000000000000001        2.9999999999999999E-002
   2.1000000000000001        1.2000000000000002        2.9999999999999999E-002
   2.1000000000000001        1.3000000000000000        2.9999999999999999E-002
   2.1000000000000001        1.4000000000000001        2.9999999999999999E-002
   2.1000000000000001        1.5000000000000000        2.9999999999999999E-002
   2.1000000000000001        1.6000000000000001        1.9999999999999997E-002
   2.1000000000000001        1.7000000000000002        1.9999999999999997E-002
   2.1000000000000001        1.8000000000000000        1.9999999999999997E-002
   2.1000000000000001        1.9000000000000001        1.9999999999999997E-002
   2.1000000000000001        2.0000000000000000        1.9999999999999997E-002
   2.1000000000000001        2.1000000000000001        1.9999999999999997E-002
   2.1000000000000001        2.2000000000000002        1.9999999999999997E-002
   2.1000000000000001        2.3000000000000003        1.9999999999999997E-002
   2.1000000000000001        2.4000000000000004        1.0000000000000000E-002
   2.1000000000000001        2.5000000000000000        1.0000000000000000E-002
   2.1000000000000001        2.6000000000000001        1.0000000000000000E-002
   2.1000000000000001        2.7000000000000002        1.0000000000000000E-002
   2.1000000000000001        2.8000000000000003        1.0000000000000000E-002
   2.1000000000000001        2.9000000000000004        1.0000000000000000E-002
   2.1000000000000001        3.0000000000000000        1.0000000000000000E-002
   2.2000000000000002       0.10000000000000001        0.0000000000000000     
   2.2000000000000002       0.20000000000000001        0.0000000000000000     
   2.2000000000000002       0.30000000000000004        0.0000000000000000     
   2.2000000000000002       0.40000000000000002        0.0000000000000000     
   2.2000000000000002       0.50000000000000000        0.0000000000000000     
   2.2000000000000002       0.60000000000000009        0.0000000000000000     
   2.2000000000000002       0.70000000000000007        0.0000000000000000     
   2.2000000000000002       0.80000000000000004        0.0000000000000000     
   2.2000000000000002       0.90000000000000002        0.0000000000000000     
   2.2000000000000002        1.0000000000000000        0.0000000000000000     
   2.2000000000000002        1.1000000000000001        0.0000000000000000     
   2.2000000000000002        1.2000000000000002        0.0000000000000000     
   2.2000000000000002        1.3000000000000000        0.0000000000000000     
   2.2000000000000002        1.4000000000000001        0.0000000000000000     
   2.2000000000000002        1.5000000000000000        0.0000000000000000     
   2.2000000000000002        1.6000000000000001        0.0000000000000000     
   2.2000000000000002        1.7000000000000002        0.0000000000000000     
   2.2000000000000002        1.8000000000000000        0.0000000000000000     
   2.2000000000000002        1.9000000000000001        0.0000000000000000     
   2.2000000000000002        2.0000000000000000        0.0000000000000000     
   2.2000000000000002        2.1000000000000001        0.0000000000000000     
   2.2000000000000002        2.2000000000000002        0.0000000000000000     
   2.2000000000000002        2.3000000000000003        0.0000000000000000     
   2.2000000000000002        2.4000000000000004        0.0000000000000000     
   2.2000000000000002        2.5000000000000000        0.0000000000000000     
   2.2000000000000002        2.6000000000000001        0.0000000000000000     
   2.2000000000000002        2.7000000000000002        0.0000000000000000     
   2.2000000000000002        2.8000000000000003        0.0000000000000000     
   2.2000000000000002        2.9000000000000004        0.0000000000000000     
   2.2000000000000002        3.0000000000000000        0.0000000000000000     
   2.3000000000000003       0.10000000000000001        0.0000000000000000     
   2.3000000000000003       0.20000000000000001        0.0000000000000000     
   2.3000000000000003       0.30000000000000004        0.0000000000000000     
   2.3000000000000003       0.40000000000000002        0.0000000000000000     
   2.3000000000000003       0.50000000000000000        0.0000000000000000     
   2.3000000000000003       0.60000000000000009        0.0000000000000000     
   2.3000000000000003       0.70000000000000007        0.0000000000000000     
   2.3000000000000003       0.80000000000000004        0.0000000000000000     
   2.3000000000000003       0.90000000000000002        0.0000000000000000     
   2.3000000000000003        1.0000000000000000        0.0000000000000000     
   2.3000000000000003        1.1000000000000001        0.0000000000000000     
   2.3000000000000003        1.2000000000000002        0.0000000000000000     
   2.3000000000000003        1.3000000000000000        0.0000000000000000     
   2.3000000000000003        1.4000000000000001        0.0000000000000000     
   2.3000000000000003        1.5000000000000000        0.0000000000000000     
   2.3000000000000003        1.6000000000000001        0.0000000000000000     
   2.3000000000000003        1.7000000000000002        0.0000000000000000     
   2.3000000000000003        1.8000000000000000        0.0000000000000000     
   2.3000000000000003        1.9000000000000001        0.0000000000000000     
   2.3000000000000003        2.0000000000000000        0.0000000000000000     
   2.3000000000000003        2.1000000000000001        0.0000000000000000     
   2.3000000000000003        2.2000000000000002        0.0000000000000000     
   2.3000000000000003        2.3000000000000003        0.0000000000000000     
   2.3000000000000003        2.4000000000000004        0.0000000000000000     
   2.3000000000000003        2.5000000000000000        0.0000000000000000     
   2.3000000000000003        2.6000000000000001        0.0000000000000000     
   2.3000000000000003        2.7000000000000002        0.0000000000000000     
   2.3000000000000003        2.8000000000000003        0.0000000000000000     
   2.3000000000000003        2.9000000000000004        0.0000000000000000     
   2.3000000000000003        3.0000000000000000        0.0000000000000000     
   2.4000000000000004       0.10000000000000001        0.0000000000000000     
   2.4000000000000004       0.20000000000000001        0.0000000000000000     
   2.4000000000000004       0.30000000000000004        0.0000000000000000     
   2.4000000000000004       0.40000000000000002        0.0000000000000000     
   2.4000000000000004       0.50000000000000000        0.0000000000000000     
   2.4000000000000004       0.60000000000000009        0.0000000000000000     
   2.4000000000000004       0.70000000000000007        0.0000000000000000     
   2.4000000000000004       0.80000000000000004        0.0000000000000000     
   2.4000000000000004       0.90000000000000002        0.0000000000000000     
   2.4000000000000004        1.0000000000000000        0.0000000000000000     
   2.4000000000000004        1.1000000000000001        0.0000000000000000     
   2.4000000000000004        1.2000000000000002        0.0000000000000000     
   2.4000000000000004        1.3000000000000000        0.0000000000000000     
   2.4000000000000004        1.4000000000000001        0.0000000000000000     
   2.4000000000000004        1.5000000000000000        0.0000000000000000     
   2.4000000000000004        1.6000000000000001        0.0000000000000000     
   2.4000000000000004        1.7000000000000002        0.0000000000000000     
   2.4000000000000004        1.8000000000000000        0.0000000000000000     
   2.4000000000000004        1.9000000000000001        0.0000000000000000     
   2.4000000000000004        2.0000000000000000        0.0000000000000000     
   2.4000000000000004        2.1000000000000001        0.0000000000000000     
   2.4000000000000004        2.2000000000000002        0.0000000000000000     
   2.4000000000000004        2.3000000000000003        0.0000000000000000     
   2.4000000000000004        2.4000000000000004        0.0000000000000000     
   2.4000000000000004        2.5000000000000000        0.0000000000000000     
   2.4000000000000004        2.6000000000000001        0.0000000000000000     
   2.4000000000000004        2.7000000000000002        0.0000000000000000     
   2.4000000000000004        2.8000000000000003        0.0000000000000000     
   2.4000000000000004        2.9000000000000004        0.0000000000000000     
   2.4000000000000004        3.0000000000000000        0.0000000000000000     
   2.5000000000000000       0.10000000000000001        0.0000000000000000     
   2.5000000000000000       0.20000000000000001        0.0000000000000000     
   2.5000000000000000       0.30000000000000004        0.0000000000000000     
   2.5000000000000000       0.40000000000000002        0.0000000000000000     
   2.5000000000000000       0.50000000000000000        0.0000000000000000     
   2.5000000000000000       0.60000000000000009        0.0000000000000000     
   2.5000000000000000       0.70000000000000007        0.0000000000000000     
   2.5000000000000000       0.80000000000000004        0.0000000000000000     
   2.5000000000000000       0.90000000000000002        0.0000000000000000     
   2.5000000000000000        1.0000000000000000        0.0000000000000000     
   2.5000000000000000        1.1000000000000001        0.0000000000000000     
   2.5000000000000000        1.2000000000000002        0.0000000000000000     
   2.5000000000000000        1.3000000000000000        0.0000000000000000     
   2.5000000000000000        1.4000000000000001        0.0000000000000000     
   2.5000000000000000        1.5000000000000000        0.0000000000000000     
   2.5000000000000000        1.6000000000000001        0.0000000000000000     
   2.5000000000000000        1.7000000000000002        0.0000000000000000     
   2.5000000000000000        1.8000000000000000        0.0000000000000000     
   2.5000000000000000        1.9000000000000001        0.0000000000000000     
   2.5000000000000000        2.0000000000000000        0.0000000000000000     
   2.5000000000000000        2.1000000000000001        0.0000000000000000     
   2.5000000000000000        2.2000000000000002        0.0000000000000000     
   2.5000000000000000        2.3000000000000003        0.0000000000000000     
   2.5000000000000000        2.4000000000000004        0.0000000000000000     
   2.5000000000000000        2.5000000000000000        0.0000000000000000     
   2.5000000000000000        2.6000000000000001        0.0000000000000000     
   2.5000000000000000        2.7000000000000002        0.0000000000000000     
   2.5000000000000000        2.8000000000000003        0.0000000000000000     
   2.5000000000000000        2.9000000000000004        0.0000000000000000     
   2.5000000000000000        3.0000000000000000        0.0000000000000000     
   2.6000000000000001       0.10000000000000001        0.0000000000000000     
   2.6000000000000001       0.20000000000000001        0.0000000000000000     
   2.6000000000000001       0.30000000000000004        0.0000000000000000     
   2.6000000000000001       0.40000000000000002        0.0000000000000000     
   2.6000000000000001       0.50000000000000000        0.0000000000000000     
   2.6000000000000001       0.60000000000000009        0.0000000000000000     
   2.6000000000000001       0.70000000000000007        0.0000000000000000     
   2.6000000000000001       0.80000000000000004        0.0000000000000000     
   2.6000000000000001       0.90000000000000002        0.0000000000000000     
   2.6000000000000001        1.0000000000000000        0.0000000000000000     
   2.6000000000000001        1.1000000000000001        0.0000000000000000     
   2.6000000000000001        1.2000000000000002        0.0000000000000000     
   2.6000000000000001        1.3000000000000000        0.0000000000000000     
   2.6000000000000001        1.4000000000000001        0.0000000000000000     
   2.6000000000000001        1.5000000000000000        0.0000000000000000     
   2.6000000000000001        1.6000000000000001        0.0000000000000000     
   2.6000000000000001        1.7000000000000002        0.0000000000000000     
   2.6000000000000001        1.8000000000000000        0.0000000000000000     
   2.6000000000000001        1.9000000000000001        0.0000000000000000     
   2.6000000000000001        2.0000000000000000        0.0000000000000000     
   2.6000000000000001        2.1000000000000001        0.0000000000000000     
   2.6000000000000001        2.2000000000000002        0.0000000000000000     
   2.6000000000000001        2.3000000000000003        0.0000000000000000     
   2.6000000000000001        2.4000000000000004        0.0000000000000000     
   2.6000000000000001        2.5000000000000000        0.0000000000000000     
   2.6000000000000001        2.6000000000000001        0.0000000000000000     
   2.6000000000000001        2.7000000000000002        0.0000000000000000     
   2.6000000000000001        2.8000000000000003        0.0000000000000000     
   2.6000000000000001        2.9000000000000004        0.0000000000000000     
   2.6000000000000001        3.0000000000000000        0.0000000000000000     
   2.7000000000000002       0.10000000000000001        0.0000000000000000     
   2.7000000000000002       0.20000000000000001        0.0000000000000000     
   2.7000000000000002       0.30000000000000004        0.0000000000000000     
   2.7000000000000002       0.40000000000000002        0.0000000000000000     
   2.7000000000000002       0.50000000000000000        0.0000000000000000     
   2.7000000000000002       0.60000000000000009        0.0000000000000000     
   2.7000000000000002       0.70000000000000007        0.0000000000000000     
   2.7000000000000002       0.80000000000000004        0.0000000000000000     
   2.7000000000000002       0.90000000000000002        0.0000000000000000     
   2.7000000000000002        1.0000000000000000        0.0000000000000000     
   2.7000000000000002        1.1000000000000001        0.0000000000000000     
   2.7000000000000002        1.2000000000000002        0.0000000000000000     
   2.7000000000000002        1.3000000000000000        0.0000000000000000     
   2.7000000000000002        1.4000000000000001        0.0000000000000000     
   2.7000000000000002        1.5000000000000000        0.0000000000000000     
   2.7000000000000002        1.6000000000000001        0.0000000000000000     
   2.7000000000000002        1.7000000000000002        0.0000000000000000     
   2.7000000000000002        1.8000000000000000        0.0000000000000000     
   2.7000000000000002        1.9000000000000001        0.0000000000000000     
   2.7000000000000002        2.0000000000000000        0.0000000000000000     
   2.7000000000000002        2.1000000000000001        0.0000000000000000     
   2.7000000000000002        2.2000000000000002        0.0000000000000000     
   2.7000000000000002        2.3000000000000003        0.0000000000000000     
   2.7000000000000002        2.4000000000000004        0.0000000000000000     
   2.7000000000000002        2.5000000000000000        0.0000000000000000     
   2.7000000000000002        2.6000000000000001        0.0000000000000000     
   2.7000000000000002        2.7000000000000002        0.0000000000000000     
   2.7000000000000002        2.8000000000000003        0.0000000000000000     
   2.7000000000000002        2.9000000000000004        0.0000000000000000     
   2.7000000000000002        3.0000000000000000        0.0000000000000000     
   2.8000000000000003       0.10000000000000001        0.0000000000000000     
   2.8000000000000003       0.20000000000000001        0.0000000000000000     
   2.8000000000000003       0.30000000000000004        0.0000000000000000     
   2.8000000000000003       0.40000000000000002        0.0000000000000000     
   2.8000000000000003       0.50000000000000000        0.0000000000000000     
   2.8000000000000003       0.60000000000000009        0.0000000000000000     
   2.8000000000000003       0.70000000000000007        0.0000000000000000     
   2.8000000000000003       0.80000000000000004        0.0000000000000000     
   2.8000000000000003       0.90000000000000002        0.0000000000000000     
   2.8000000000000003        1.0000000000000000        0.0000000000000000     
   2.8000000000000003        1.1000000000000001        0.0000000000000000     
   2.8000000000000003        1.2000000000000002        0.0000000000000000     
   2.8000000000000003        1.3000000000000000        0.0000000000000000     
   2.8000000000000003        1.4000000000000001        0.0000000000000000     
   2.8000000000000003        1.5000000000000000        0.0000000000000000     
   2.8000000000000003        1.6000000000000001        0.0000000000000000     
   2.8000000000000003        1.7000000000000002        0.0000000000000000     
   2.8000000000000003        1.8000000000000000        0.0000000000000000     
   2.8000000000000003        1.9000000000000001        0.0000000000000000     
   2.8000000000000003        2.0000000000000000        0.0000000000000000     
   2.8000000000000003        2.1000000000000001        0.0000000000000000     
   2.8000000000000003        2.2000000000000002        0.0000000000000000     
   2.8000000000000003        2.3000000000000003        0.0000000000000000     
   2.8000000000000003        2.4000000000000004        0.0000000000000000     
   2.8000000000000003        2.5000000000000000        0.0000000000000000     
   2.8000000000000003        2.6000000000000001        0.0000000000000000     
   2.8000000000000003        2.7000000000000002        0.0000000000000000     
   2.8000000000000003        2.8000000000000003        0.0000000000000000     
   2.8000000000000003        2.9000000000000004        0.0000000000000000     
   2.8000000000000003        3.0000000000000000        0.0000000000000000     
   2.9000000000000004       0.10000000000000001        0.0000000000000000     
   2.9000000000000004       0.20000000000000001        0.0000000000000000     
   2.9000000000000004       0.30000000000000004        0.0000000000000000     
   2.9000000000000004       0.40000000000000002        0.0000000000000000     
   2.9000000000000004       0.50000000000000000        0.0000000000000000     
   2.9000000000000004       0.60000000000000009        0.0000000000000000     
   2.9000000000000004       0.70000000000000007        0.0000000000000000     
   2.9000000000000004       0.80000000000000004        0.0000000000000000     
   2.9000000000000004       0.90000000000000002        0.0000000000000000     
   2.9000000000000004        1.0000000000000000        0.0000000000000000     
   2.9000000000000004        1.1000000000000001        0.0000000000000000     
   2.9000000000000004        1.2000000000000002        0.0000000000000000     
   2.9000000000000004        1.3000000000000000        0.0000000000000000     
   2.9000000000000004        1.4000000000000001        0.0000000000000000     
   2.9000000000000004        1.5000000000000000        0.0000000000000000     
   2.9000000000000004        1.6000000000000001        0.0000000000000000     
   2.9000000000000004        1.7000000000000002        0.0000000000000000     
   2.9000000000000004        1.8000000000000000        0.0000000000000000     
   2.9000000000000004        1.9000000000000001        0.0000000000000000     
   2.9000000000000004        2.0000000000000000        0.0000000000000000     
   2.9000000000000004        2.1000000000000001        0.0000000000000000     
   2.9000000000000004        2.2000000000000002        0.0000000000000000     
   2.9000000000000004        2.3000000000000003        0.0000000000000000     
   2.9000000000000004        2.4000000000000004        0.0000000000000000     
   2.9000000000000004        2.5000000000000000        0.0000000000000000     
   2.9000000000000004        2.6000000000000001        0.0000000000000000     
   2.9000000000000004        2.7000000000000002        0.0000000000000000     
   2.9000000000000004        2.8000000000000003        0.0000000000000000     
   2.9000000000000004        2.9000000000000004        0.0000000000000000     
   2.9000000000000004        3.0000000000000000        0.0000000000000000     
   3.0000000000000000       0.10000000000000001        0.0000000000000000     
   3.0000000000000000       0.20000000000000001        0.0000000000000000     
   3.0000000000000000       0.30000000000000004        0.0000000000000000     
   3.0000000000000000       0.40000000000000002        0.0000000000000000     
   3.0000000000000000       0.50000000000000000        0.0000000000000000     
   3.0000000000000000       0.60000000000000009        0.0000000000000000     
   3.0000000000000000       0.70000000000000007        0.0000000000000000     
   3.0000000000000000       0.80000000000000004        0.0000000000000000     
   3.0000000000000000       0.90000000000000002        0.0000000000000000     
   3.0000000000000000        1.0000000000000000        0.0000000000000000     
   3.0000000000000000        1.1000000000000001        0.0000000000000000     
   3.0000000000000000        1.2000000000000002        0.0000000000000000     
   3.0000000000000000        1.3000000000000000        0.0000000000000000     
   3.0000000000000000        1.4000000000000001        0.0000000000000000     
   3.0000000000000000        1.5000000000000000        0.0000000000000000     
   3.0000000000000000        1.6000000000000001        0.0000000000000000     
   3.0000000000000000        1.7000000000000002        0.0000000000000000     
   3.0000000000000000        1.8000000000000000        0.0000000000000000     
   3.0000000000000000        1.9000000000000001        0.0000000000000000     
   3.0000000000000000        2.0000000000000000        0.0000000000000000     
   3.0000000000000000        2.1000000000000001        0.0000000000000000     
   3.0000000000000000        2.2000000000000002        0.0000000000000000     
   3.0000000000000000        2.3000000000000003        0.0000000000000000     
   3.0000000000000000        2.4000000000000004        0.0000000000000000     
   3.0000000000000000        2.5000000000000000        0.0000000000000000     
   3.0000000000000000        2.6000000000000001        0.0000000000000000     
   3.0000000000000000        2.7000000000000002        0.0000000000000000     
   3.0000000000000000        2.8000000000000003        0.0000000000000000     
   3.0000000000000000        2.9000000000000004        0.0000000000000000     
   3.0000000000000000        3.0000000000000000        0.0000000000000000     
