0.1000 27000 27000 1.000000
0.1500 25916 27000 0.959852
0.2000 16301 27000 0.603741
0.2500 11008 27000 0.407704
0.3000 8148 27000 0.301778
0.3500 6313 27000 0.233815
0.4000 5076 27000 0.188000
0.4500 4006 27000 0.148370
0.5000 3324 27000 0.123111
0.5500 2997 27000 0.111000
0.6000 2384 27000 0.088296
0.6500 2074 27000 0.076815
0.7000 1928 27000 0.071407
0.7500 1863 27000 0.069000
0.8000 1802 27000 0.066741
0.8500 1783 27000 0.066037
0.9000 1314 27000 0.048667
0.9500 1083 27000 0.040111
1.0000 983 27000 0.036407
